32	51	0.28300000000000003
32	47	0.6970000000000001
32	13	0.42
32	42	0.319
32	36	0.185
32	85	0.354
32	40	0.194
32	111	0.319
32	33	0.522
32	100	0.34600000000000003
32	44	0.287
32	16	0.39
32	21	0.527
32	19	0.151
32	91	0.239
32	112	0.495
32	105	0.171
32	0	0.272
32	10	0.312
32	4	0.491
32	86	0.19
32	89	0.409
32	6	0.48
32	39	0.491
32	99	0.723
32	58	0.162
32	7	0.5760000000000001
32	2	0.43
32	77	0.161
32	5	0.193
32	17	0.517
32	15	0.219
32	56	0.362
32	23	0.297
32	90	0.316
32	109	0.234
32	38	0.345
32	3	0.507
32	71	0.447
32	101	0.53
32	96	0.192
32	66	0.189
32	97	0.198
32	37	0.465
32	53	0.333
32	26	0.35200000000000004
32	11	0.279
32	27	0.276
32	72	0.315
32	35	0.196
32	25	0.594
32	102	0.34600000000000003
32	41	0.307
32	1	0.487
32	57	0.181
32	9	0.609
32	103	0.408
32	30	0.398
32	8	0.424
32	78	0.457
32	81	0.159
18	91	0.16699999999999998
18	112	0.306
18	10	0.171
18	105	0.16899999999999998
18	108	0.194
18	4	0.25
18	107	0.161
18	39	0.765
18	6	0.305
18	99	0.304
18	31	0.342
18	7	0.307
18	2	0.21
18	102	0.16
18	17	0.408
18	23	0.215
18	56	0.231
18	101	0.407
18	3	0.277
18	71	0.321
18	66	0.188
18	26	0.275
18	53	0.215
18	41	0.48
18	27	0.247
18	1	0.236
18	29	0.185
18	9	0.333
18	75	0.229
18	30	0.246
18	103	0.165
18	90	0.483
18	8	0.28600000000000003
18	78	0.258
18	51	0.185
18	85	0.205
18	13	0.277
18	42	0.2
18	47	0.738
18	111	0.277
18	100	0.206
18	33	0.154
18	21	0.304
18	44	0.161
18	16	0.215
18	28	0.408
90	91	0.277
90	19	0.7020000000000001
90	32	0.316
90	112	0.551
90	59	0.25
90	0	0.24
90	105	0.151
90	10	0.597
90	86	0.224
90	52	0.172
90	39	0.37
90	4	0.34700000000000003
90	6	0.407
90	99	0.483
90	24	0.648
90	89	0.488
90	31	0.187
90	58	0.188
90	74	0.18600000000000005
90	7	0.462
90	38	0.307
90	77	0.16899999999999998
90	63	0.21
90	18	0.483
90	2	0.361
90	98	0.184
90	17	0.664
90	80	0.183
90	56	0.6409999999999999
90	23	0.327
90	5	0.174
90	3	0.385
90	71	0.725
90	37	0.281
90	96	0.24
90	101	0.531
90	66	0.192
90	53	0.34
90	26	0.424
90	11	0.472
90	27	0.277
90	25	0.368
90	102	0.243
90	35	0.358
90	68	0.304
90	92	0.177
90	1	0.217
90	41	0.31
90	14	0.289
90	29	0.287
90	57	0.239
90	20	0.468
90	9	0.5529999999999999
90	75	0.162
90	103	0.215
90	30	0.307
90	81	0.483
90	55	0.392
90	8	0.403
90	78	0.708
90	51	0.327
90	34	0.32299999999999995
90	36	0.5329999999999999
90	94	0.318
90	93	0.374
90	85	0.276
90	42	0.6629999999999999
90	13	0.447
90	47	0.726
90	100	0.159
90	111	0.369
90	87	0.16899999999999998
90	84	0.33
90	16	0.408
90	33	0.472
90	44	0.324
90	28	0.703
90	21	0.439
67	16	0.339
67	44	0.34700000000000003
67	91	0.337
67	105	0.8220000000000001
67	112	0.705
67	59	0.355
67	0	0.175
67	19	0.16699999999999998
67	52	0.716
67	4	0.375
67	24	0.278
67	99	0.342
67	39	0.28
67	6	0.279
67	58	0.277
67	33	0.16899999999999998
67	56	0.305
67	7	0.187
67	77	0.8290000000000001
67	63	0.188
67	17	0.258
67	23	0.38
67	13	0.185
67	3	0.206
67	71	0.365
67	38	0.449
67	96	0.252
67	101	0.345
67	66	0.374
67	97	0.441
67	82	0.451
67	53	0.199
67	27	0.396
67	11	0.277
67	35	0.977
67	1	0.343
67	41	0.441
67	14	0.355
67	42	0.248
67	103	0.505
67	57	0.21
67	20	0.171
67	9	0.151
67	60	0.237
67	55	0.15
67	78	0.501
67	8	0.7340000000000001
67	12	0.964
67	36	0.25
67	85	0.722
67	84	0.215
67	111	0.489
67	47	0.44
67	87	0.491
86	51	0.442
86	26	0.15
86	53	0.625
86	102	0.277
86	35	0.304
86	41	0.364
86	57	0.305
86	103	0.187
86	78	0.341
86	81	0.304
86	97	0.16899999999999998
86	12	0.21
86	91	0.345
86	0	0.161
86	105	0.181
86	52	0.211
86	4	0.159
86	99	0.574
86	39	0.4
86	6	0.198
86	24	0.447
86	2	0.241
86	77	0.229
86	109	0.206
86	3	0.205
86	66	0.504
86	11	0.304
86	1	0.19
86	75	0.177
86	20	0.228
86	9	0.3720000000000001
86	60	0.204
86	55	0.183
86	90	0.224
86	8	0.4
86	100	0.177
86	13	0.363
86	87	0.244
86	111	0.44
86	59	0.344
86	44	0.304
86	21	0.205
86	112	0.63
86	32	0.19
86	10	0.157
86	19	0.211
86	89	0.15
86	58	0.277
86	7	0.277
86	63	0.15
86	17	0.575
86	101	0.578
86	80	0.16399999999999998
86	56	0.43
86	23	0.305
86	96	0.28300000000000003
86	71	0.544
86	38	0.338
86	36	0.373
86	85	0.189
86	42	0.481
86	47	0.442
86	33	0.342
86	28	0.205
97	15	0.253
97	91	0.382
97	67	0.441
97	112	0.926
97	59	0.711
97	46	0.189
97	32	0.198
97	0	0.183
97	105	0.728
97	19	0.183
97	23	0.275
97	64	0.161
97	52	0.823
97	86	0.16899999999999998
97	4	0.16899999999999998
97	24	0.338
97	88	0.38
97	99	0.482
97	39	0.407
97	58	0.693
97	108	0.473
97	7	0.215
97	77	0.444
97	63	0.205
97	2	0.243
97	17	0.695
97	80	0.181
97	56	0.384
97	50	0.188
97	109	0.22
97	101	0.524
97	71	0.508
97	3	0.274
97	96	0.561
97	38	0.408
97	66	0.345
97	53	0.373
97	11	0.409
97	102	0.277
97	35	0.575
97	41	0.44
97	29	0.4920000000000001
97	75	0.159
97	20	0.225
97	57	0.415
97	9	0.28
97	60	0.274
97	103	0.66
97	55	0.188
97	37	0.159
97	78	0.303
97	8	0.718
97	51	0.277
97	47	0.505
97	12	0.455
97	36	0.393
97	40	0.443
97	42	0.53
97	13	0.3670000000000001
97	100	0.212
97	111	0.675
97	87	0.823
97	84	0.165
97	16	0.542
97	33	0.6729999999999999
97	28	0.204
97	44	0.364
97	21	0.205
28	91	0.364
28	38	0.392
28	71	0.51
28	57	0.312
28	105	0.304
28	66	0.379
28	96	0.181
28	101	0.628
28	97	0.204
28	82	0.171
28	112	0.574
28	26	0.4970000000000001
28	59	0.19
28	10	0.38
28	27	0.441
28	53	0.495
28	46	0.151
28	48	0.194
28	0	0.321
28	107	0.205
28	25	0.753
28	19	0.229
28	35	0.319
28	102	0.442
28	52	0.212
28	86	0.205
28	6	0.63
28	4	0.505
28	41	0.628
28	76	0.364
28	39	0.659
28	1	0.487
28	24	0.15
28	99	0.659
28	89	0.443
28	29	0.579
28	75	0.161
28	108	0.321
28	58	0.165
28	20	0.15
28	9	0.7140000000000001
28	70	0.17
28	7	0.659
28	103	0.41
28	30	0.531
28	55	0.199
28	18	0.408
28	63	0.211
28	2	0.441
28	77	0.277
28	90	0.703
28	78	0.63
28	8	0.573
28	51	0.4
28	34	0.16699999999999998
28	17	0.6679999999999999
28	80	0.194
28	13	0.525
28	56	0.47
28	22	0.181
28	5	0.204
28	85	0.34700000000000003
28	40	0.15
28	15	0.504
28	23	0.443
28	42	0.408
28	93	0.374
28	47	0.8170000000000001
28	69	0.159
28	111	0.531
28	49	0.16899999999999998
28	100	0.255
28	33	0.7090000000000001
28	44	0.414
28	21	0.63
28	109	0.161
28	16	0.5770000000000001
28	3	0.52
19	103	0.398
19	91	0.342
19	38	0.342
19	71	0.7140000000000001
19	96	0.16899999999999998
19	101	0.628
19	97	0.183
19	66	0.4320000000000001
19	67	0.16699999999999998
19	53	0.504
19	112	0.579
19	26	0.5329999999999999
19	32	0.151
19	59	0.16699999999999998
19	27	0.5720000000000001
19	46	0.156
19	11	0.642
19	10	0.343
19	0	0.26
19	105	0.305
19	102	0.442
19	35	0.338
19	25	0.647
19	39	0.8240000000000001
19	7	0.7140000000000001
19	52	0.21
19	86	0.211
19	1	0.487
19	4	0.531
19	107	0.252
19	76	0.394
19	6	0.63
19	41	0.6629999999999999
19	89	0.491
19	24	0.156
19	99	0.6579999999999999
19	29	0.6579999999999999
19	57	0.304
19	108	0.398
19	20	0.163
19	75	0.151
19	9	0.71
19	30	0.574
19	55	0.211
19	63	0.185
19	3	0.525
19	2	0.44
19	78	0.628
19	90	0.7020000000000001
19	77	0.29
19	81	0.159
19	8	0.575
19	51	0.407
19	17	0.6609999999999999
19	80	0.188
19	56	0.447
19	5	0.211
19	36	0.174
19	22	0.151
19	85	0.366
19	23	0.441
19	40	0.24
19	42	0.436
19	93	0.374
19	47	0.862
19	13	0.531
19	69	0.211
19	111	0.505
19	100	0.258
19	33	0.184
19	49	0.2
19	109	0.151
19	44	0.379
19	28	0.229
19	16	0.579
19	21	0.6579999999999999
81	91	0.25
81	32	0.159
81	112	0.838
81	59	0.16699999999999998
81	19	0.159
81	86	0.304
81	39	0.366
81	99	0.48
81	24	0.25
81	58	0.189
81	108	0.161
81	17	0.754
81	101	0.449
81	56	0.248
81	23	0.197
81	96	0.5429999999999999
81	109	0.153
81	71	0.7979999999999999
81	53	0.273
81	60	0.18600000000000005
81	11	0.151
81	102	0.16699999999999998
81	35	0.151
81	41	0.24
81	29	0.185
81	57	0.151
81	20	0.17600000000000002
81	9	0.207
81	36	0.191
81	51	0.343
81	78	0.515
81	90	0.483
81	8	0.197
81	40	0.483
81	13	0.165
81	42	0.368
81	47	0.365
81	111	0.238
81	44	0.161
81	33	0.221
48	66	0.189
48	101	0.193
48	50	0.988
48	71	0.294
48	11	0.211
48	102	0.514
48	53	0.441
48	41	0.215
48	9	0.235
48	103	0.159
48	36	0.195
48	55	0.156
48	45	0.17
48	8	0.239
48	51	0.247
48	22	0.237
48	42	0.193
48	47	0.34
48	13	0.15
48	100	0.204
48	44	0.246
48	111	0.927
48	28	0.194
48	21	0.215
48	23	0.16899999999999998
48	56	0.928
48	91	0.206
48	105	0.203
48	112	0.35100000000000003
48	46	0.215
48	39	0.25
48	107	0.262
48	76	0.161
48	88	0.272
48	24	0.231
48	6	0.211
48	99	0.415
48	70	0.235
48	7	0.203
48	2	0.162
48	17	0.162
91	56	0.973
91	40	0.151
91	93	0.161
91	111	0.847
91	44	0.499
91	19	0.342
91	59	0.903
91	112	0.918
91	32	0.239
91	46	0.408
91	10	0.17
91	89	0.151
91	7	0.38
91	80	0.277
91	71	0.894
91	38	0.698
91	96	0.774
91	97	0.382
91	26	0.188
91	53	0.97
91	57	0.792
91	41	0.655
91	85	0.931
91	5	0.304
91	105	0.491
91	0	0.183
91	52	0.502
91	6	0.341
91	70	0.192
91	18	0.16699999999999998
91	14	0.277
91	83	0.589
91	11	0.442
91	48	0.206
91	1	0.925
91	92	0.539
91	20	0.341
91	75	0.412
91	90	0.277
91	43	0.221
91	22	0.52
91	13	0.682
91	87	0.48
91	100	0.278
91	21	0.63
91	16	0.277
91	67	0.337
91	107	0.443
91	76	0.443
91	58	0.981
91	31	0.151
91	108	0.304
91	63	0.412
91	17	0.8220000000000001
91	23	0.715
91	50	0.188
91	101	0.7170000000000001
91	27	0.161
91	25	0.256
91	68	0.189
91	35	0.505
91	102	0.629
91	103	0.491
91	79	0.906
91	45	0.244
91	37	0.171
91	36	0.6679999999999999
91	34	0.15
91	81	0.25
91	78	0.532
91	51	0.542
91	12	0.48
91	47	0.821
91	42	0.8909999999999999
91	84	0.971
91	28	0.364
91	95	0.182
91	86	0.345
91	24	0.589
91	4	0.271
91	99	0.908
91	39	0.823
91	2	0.305
91	77	0.53
91	15	0.277
91	49	0.205
91	109	0.3670000000000001
91	3	0.339
91	66	0.67
91	29	0.242
91	9	0.489
91	60	0.594
91	55	0.6579999999999999
91	8	0.8140000000000001
91	33	0.442
91	94	0.153
58	83	0.41
58	11	0.294
58	92	0.3670000000000001
58	1	0.913
58	20	0.21
58	28	0.165
58	47	0.664
58	42	0.481
58	84	0.938
58	91	0.981
58	55	0.515
58	109	0.159
58	3	0.272
58	60	0.633
58	9	0.341
58	8	0.483
58	111	0.44
58	44	0.28300000000000003
58	112	0.828
58	59	0.83
58	32	0.162
58	10	0.173
58	7	0.304
58	56	0.642
58	80	0.16899999999999998
58	71	0.777
58	38	0.38
58	96	0.71
58	97	0.693
58	53	0.29
58	41	0.277
58	57	0.364
58	85	0.929
58	33	0.264
58	36	0.304
58	90	0.188
58	13	0.614
58	87	0.442
58	16	0.19
58	100	0.219
58	21	0.181
58	67	0.277
58	63	0.191
58	17	0.536
58	23	0.312
58	101	0.7829999999999999
58	12	0.442
58	102	0.15
58	35	0.508
58	37	0.15
58	79	0.929
58	103	0.927
58	78	0.629
58	81	0.189
58	51	0.319
58	6	0.2
58	52	0.377
58	105	0.345
58	95	0.155
58	86	0.277
58	39	0.336
58	99	0.509
58	24	0.6779999999999999
58	2	0.519
58	77	0.535
58	15	0.182
29	71	0.407
29	53	0.424
29	91	0.242
29	38	0.277
29	97	0.4920000000000001
29	101	0.491
29	66	0.373
29	59	0.159
29	112	0.43
29	26	0.398
29	102	0.298
29	10	0.28800000000000003
29	27	0.277
29	0	0.239
29	35	0.268
29	19	0.6579999999999999
29	105	0.304
29	25	0.329
29	4	0.408
29	52	0.198
29	24	0.152
29	1	0.306
29	76	0.16699999999999998
29	41	0.63
29	39	0.6579999999999999
29	99	0.442
29	6	0.441
29	108	0.407
29	31	0.444
29	64	0.163
29	57	0.242
29	100	0.205
29	9	0.504
29	7	0.503
29	75	0.23
29	103	0.24
29	30	0.375
29	37	0.154
29	81	0.185
29	18	0.185
29	2	0.38
29	77	0.215
29	90	0.287
29	8	0.447
29	78	0.388
29	51	0.304
29	42	0.327
29	56	0.305
29	40	0.162
29	85	0.313
29	23	0.159
29	5	0.171
29	47	0.6509999999999999
29	13	0.442
29	69	0.213
29	111	0.305
29	21	0.442
29	49	0.237
29	16	0.306
29	44	0.277
29	28	0.579
29	3	0.443
69	112	0.34
69	89	0.215
69	4	0.241
69	19	0.211
69	105	0.181
69	76	0.66
69	39	0.32299999999999995
69	99	0.35
69	24	0.258
69	77	0.165
69	70	0.6579999999999999
69	7	0.161
69	74	0.16899999999999998
69	73	0.248
69	17	0.16899999999999998
69	80	0.591
69	56	0.208
69	23	0.551
69	29	0.213
69	66	0.304
69	101	0.392
69	38	0.151
69	71	0.4970000000000001
69	11	0.485
69	53	0.251
69	72	0.525
69	102	0.16899999999999998
69	25	0.161
69	41	0.342
69	78	0.151
69	57	0.187
69	9	0.229
69	75	0.376
69	103	0.573
69	47	0.406
69	8	0.294
69	51	0.18600000000000005
69	22	0.703
69	36	0.424
69	111	0.403
69	33	0.241
69	16	0.161
69	44	0.248
69	28	0.159
36	42	0.924
36	62	0.165
36	22	0.183
36	85	0.484
36	13	0.768
36	47	0.731
36	87	0.256
36	111	0.708
36	84	0.16699999999999998
36	100	0.946
36	33	0.173
36	21	0.6709999999999999
36	44	0.632
36	16	0.153
36	94	0.802
36	82	0.199
36	91	0.6679999999999999
36	67	0.25
36	46	0.22
36	112	0.8220000000000001
36	59	0.6
36	32	0.185
36	4	0.545
36	0	0.412
36	10	0.458
36	105	0.448
36	19	0.174
36	107	0.303
36	52	0.345
36	86	0.373
36	99	0.8029999999999999
36	76	0.28600000000000003
36	39	0.8290000000000001
36	6	0.662
36	24	0.179
36	89	0.589
36	108	0.29
36	58	0.304
36	106	0.161
36	7	0.763
36	70	0.257
36	2	0.779
36	63	0.47
36	77	0.409
36	17	0.252
36	80	0.304
36	56	0.682
36	23	0.513
36	15	0.28300000000000003
36	5	0.422
36	69	0.424
36	110	0.161
36	49	0.181
36	3	0.654
36	109	0.386
36	71	0.845
36	38	0.515
36	101	0.8490000000000001
36	96	0.322
36	97	0.393
36	66	0.505
36	25	0.213
36	53	0.7070000000000001
36	11	0.94
36	27	0.33
36	48	0.195
36	102	0.522
36	35	0.643
36	92	0.151
36	41	0.669
36	1	0.407
36	14	0.252
36	61	0.2
36	57	0.669
36	20	0.187
36	60	0.173
36	9	0.85
36	75	0.344
36	103	0.504
36	30	0.44
36	45	0.24
36	55	0.453
36	90	0.5329999999999999
36	8	0.73
36	81	0.191
36	78	0.7090000000000001
36	51	0.636
36	12	0.227
35	63	0.502
35	30	0.151
35	91	0.505
35	0	0.307
35	105	0.91
35	77	0.8759999999999999
35	39	0.7
35	52	0.7070000000000001
35	86	0.304
35	4	0.307
35	24	0.703
35	6	0.34700000000000003
35	99	0.87
35	64	0.193
35	2	0.575
35	90	0.358
35	8	0.965
35	43	0.151
35	94	0.201
35	22	0.239
35	40	0.285
35	13	0.63
35	111	0.82
35	87	0.63
35	23	0.629
35	100	0.499
35	44	0.63
35	21	0.453
35	16	0.242
35	67	0.977
35	112	0.901
35	59	0.579
35	32	0.196
35	46	0.341
35	10	0.168
35	19	0.338
35	98	0.182
35	17	0.826
35	80	0.277
35	56	0.685
35	103	0.718
35	50	0.161
35	38	0.8220000000000001
35	71	0.7959999999999999
35	96	0.449
35	101	0.82
35	97	0.575
35	53	0.826
35	26	0.271
35	25	0.248
35	72	0.222
35	27	0.311
35	65	0.277
35	41	0.736
35	102	0.5379999999999999
35	57	0.794
35	79	0.171
35	45	0.183
35	37	0.191
35	33	0.631
35	78	0.843
35	81	0.151
35	51	0.531
35	12	0.984
35	85	0.366
35	36	0.643
35	42	0.826
35	47	0.866
35	84	0.305
35	5	0.16
35	15	0.306
35	49	0.309
35	110	0.163
35	3	0.7
35	83	0.171
35	109	0.35100000000000003
35	66	0.634
35	11	0.642
35	92	0.204
35	29	0.268
35	1	0.284
35	14	0.4970000000000001
35	28	0.319
35	20	0.406
35	9	0.653
35	60	0.345
35	75	0.34600000000000003
35	55	0.369
35	107	0.443
35	76	0.183
35	89	0.215
35	31	0.194
35	108	0.256
35	58	0.508
35	7	0.504
17	91	0.8220000000000001
17	0	0.519
17	105	0.503
17	95	0.512
17	86	0.575
17	52	0.446
17	4	0.5429999999999999
17	39	0.898
17	6	0.6629999999999999
17	99	0.931
17	24	0.948
17	64	0.24
17	74	0.15
17	70	0.211
17	18	0.408
17	77	0.491
17	2	0.851
17	5	0.34700000000000003
17	15	0.45
17	69	0.16899999999999998
17	110	0.151
17	49	0.271
17	83	0.408
17	109	0.459
17	66	0.5489999999999999
17	3	0.718
17	11	0.499
17	48	0.162
17	92	0.195
17	1	0.493
17	14	0.194
17	9	0.893
17	20	0.268
17	60	0.441
17	75	0.35600000000000004
17	55	0.495
17	90	0.664
17	8	0.916
17	43	0.165
17	62	0.171
17	94	0.179
17	40	0.276
17	22	0.206
17	93	0.152
17	13	0.845
17	111	0.78
17	87	0.639
17	100	0.938
17	44	0.66
17	16	0.153
17	21	0.6970000000000001
17	67	0.258
17	112	0.974
17	59	0.639
17	32	0.517
17	46	0.305
17	10	0.498
17	19	0.6609999999999999
17	76	0.304
17	107	0.426
17	31	0.6629999999999999
17	89	0.575
17	58	0.536
17	108	0.445
17	7	0.7879999999999999
17	63	0.44
17	98	0.163
17	80	0.343
17	56	0.848
17	23	0.795
17	38	0.82
17	50	0.161
17	71	0.946
17	101	0.936
17	96	0.584
17	26	0.574
17	97	0.695
17	82	0.4920000000000001
17	68	0.212
17	53	0.883
17	27	0.343
17	35	0.826
17	25	0.574
17	65	0.213
17	102	0.961
17	41	0.7340000000000001
17	61	0.215
17	57	0.6809999999999999
17	79	0.248
17	103	0.5760000000000001
17	30	0.408
17	45	0.359
17	81	0.754
17	78	0.7490000000000001
17	51	0.828
17	34	0.602
17	12	0.44
17	85	0.5720000000000001
17	36	0.252
17	47	0.911
17	42	0.929
17	84	0.388
17	28	0.6679999999999999
26	91	0.188
26	6	0.3720000000000001
26	0	0.181
26	112	0.442
26	59	0.16699999999999998
26	32	0.35200000000000004
26	10	0.21600000000000005
26	105	0.206
26	19	0.5329999999999999
26	39	0.417
26	4	0.39
26	86	0.15
26	24	0.637
26	99	0.443
26	89	0.595
26	31	0.33
26	108	0.15
26	77	0.185
26	7	0.442
26	2	0.34600000000000003
26	18	0.275
26	56	0.339
26	17	0.574
26	23	0.28600000000000003
26	71	0.399
26	3	0.364
26	38	0.276
26	96	0.151
26	101	0.441
26	66	0.26
26	57	0.165
26	53	0.305
26	27	0.276
26	35	0.271
26	25	0.715
26	102	0.25
26	41	0.373
26	1	0.205
26	29	0.398
26	9	0.541
26	20	0.152
26	75	0.152
26	30	0.28800000000000003
26	103	0.19
26	90	0.424
26	55	0.159
26	78	0.378
26	8	0.369
26	51	0.277
26	34	0.215
26	12	0.165
26	85	0.416
26	47	0.659
26	13	0.41
26	42	0.256
26	111	0.38
26	84	0.21
26	33	0.551
26	44	0.235
26	16	0.38
26	28	0.4970000000000001
26	21	0.422
37	97	0.159
37	52	0.188
37	24	0.161
37	91	0.171
37	0	0.39
37	112	0.406
37	32	0.465
37	105	0.303
37	10	0.33
37	66	0.252
37	7	0.526
37	99	0.383
37	39	0.45
37	6	0.483
37	31	0.185
37	4	0.395
37	108	0.17
37	58	0.15
37	77	0.204
37	2	0.321
37	5	0.18600000000000005
37	56	0.28
37	15	0.262
37	23	0.213
37	101	0.532
37	96	0.162
37	71	0.35600000000000004
37	3	0.459
37	38	0.226
37	30	0.407
37	27	0.275
37	53	0.277
37	102	0.18
37	11	0.154
37	35	0.191
37	25	0.495
37	103	0.205
37	29	0.154
37	41	0.481
37	1	0.34700000000000003
37	57	0.187
37	9	0.5589999999999999
37	47	0.685
37	90	0.281
37	78	0.442
37	8	0.409
37	13	0.458
37	34	0.192
37	51	0.215
37	42	0.322
37	85	0.32299999999999995
37	111	0.328
37	44	0.213
37	16	0.4
37	21	0.45
0	38	0.214
0	71	0.35
0	91	0.183
0	101	0.937
0	67	0.175
0	97	0.183
0	9	0.914
0	59	0.187
0	112	0.429
0	26	0.181
0	32	0.272
0	53	0.303
0	11	0.392
0	27	0.909
0	10	0.925
0	19	0.26
0	35	0.307
0	25	0.918
0	102	0.161
0	86	0.161
0	52	0.228
0	4	0.931
0	6	0.978
0	1	0.909
0	41	0.215
0	39	0.28800000000000003
0	24	0.948
0	14	0.261
0	99	0.31
0	29	0.239
0	31	0.214
0	89	0.246
0	108	0.17
0	57	0.292
0	20	0.44
0	7	0.977
0	103	0.16699999999999998
0	30	0.927
0	37	0.39
0	2	0.921
0	90	0.24
0	78	0.941
0	8	0.305
0	51	0.25
0	34	0.908
0	17	0.519
0	56	0.256
0	94	0.263
0	42	0.637
0	36	0.412
0	15	0.471
0	85	0.909
0	5	0.247
0	13	0.949
0	47	0.26
0	111	0.211
0	33	0.412
0	28	0.321
0	21	0.943
0	16	0.913
0	3	0.91
82	59	0.491
82	67	0.451
82	112	0.16899999999999998
82	24	0.515
82	6	0.422
82	7	0.622
82	17	0.4920000000000001
82	71	0.194
82	1	0.229
82	20	0.257
82	9	0.529
82	8	0.162
82	78	0.35600000000000004
82	36	0.199
82	94	0.17600000000000002
82	85	0.8029999999999999
82	111	0.31
82	28	0.171
111	70	0.575
111	39	0.929
111	6	0.489
111	99	0.977
111	24	0.825
111	64	0.28800000000000003
111	106	0.161
111	74	0.193
111	18	0.277
111	2	0.394
111	77	0.6579999999999999
111	5	0.215
111	15	0.407
111	69	0.403
111	49	0.25
111	83	0.213
111	109	0.443
111	3	0.38
111	66	0.873
111	11	0.6709999999999999
111	48	0.927
111	92	0.304
111	1	0.32299999999999995
111	14	0.51
111	29	0.305
111	20	0.493
111	9	0.8370000000000001
111	60	0.341
111	75	0.595
111	55	0.5760000000000001
111	8	0.995
111	90	0.369
111	43	0.364
111	94	0.307
111	62	0.16899999999999998
111	22	0.716
111	40	0.264
111	93	0.206
111	13	0.546
111	87	0.509
111	44	0.92
111	100	0.784
111	16	0.501
111	21	0.489
111	67	0.489
111	36	0.708
111	85	0.419
111	42	0.895
111	47	0.979
111	84	0.364
111	33	0.6629999999999999
111	28	0.531
111	46	0.531
111	112	0.966
111	59	0.504
111	32	0.319
111	10	0.234
111	19	0.505
111	107	0.54
111	76	0.662
111	89	0.475
111	108	0.38
111	31	0.199
111	58	0.44
111	7	0.6579999999999999
111	63	0.8270000000000001
111	17	0.78
111	80	0.47
111	56	0.995
111	23	0.938
111	71	0.965
111	50	0.935
111	96	0.441
111	38	0.797
111	101	0.898
111	97	0.675
111	82	0.31
111	26	0.38
111	53	0.956
111	27	0.304
111	72	0.305
111	35	0.82
111	25	0.491
111	65	0.2
111	68	0.171
111	102	0.736
111	41	0.996
111	61	0.254
111	57	0.74
111	91	0.847
111	0	0.211
111	105	0.981
111	4	0.442
111	52	0.575
111	86	0.44
111	79	0.213
111	54	0.16699999999999998
111	103	0.936
111	30	0.306
111	37	0.328
111	45	0.552
111	81	0.238
111	78	0.774
111	51	0.8909999999999999
111	34	0.16899999999999998
111	12	0.674
77	23	0.505
77	91	0.53
77	105	0.92
77	52	0.708
77	86	0.229
77	4	0.243
77	6	0.19
77	39	0.7140000000000001
77	99	0.574
77	24	0.471
77	2	0.205
77	15	0.187
77	69	0.165
77	83	0.303
77	3	0.252
77	66	0.531
77	92	0.245
77	11	0.305
77	1	0.23
77	14	0.23
77	29	0.215
77	20	0.321
77	9	0.343
77	60	0.424
77	75	0.196
77	55	0.205
77	90	0.16899999999999998
77	8	0.895
77	40	0.206
77	13	0.338
77	87	0.787
77	111	0.6579999999999999
77	44	0.503
77	100	0.204
77	16	0.254
77	21	0.238
77	67	0.8290000000000001
77	19	0.29
77	112	0.823
77	59	0.6579999999999999
77	32	0.161
77	107	0.159
77	76	0.21
77	63	0.305
77	98	0.165
77	17	0.491
77	80	0.252
77	56	0.481
77	71	0.63
77	38	0.71
77	96	0.426
77	101	0.573
77	97	0.444
77	26	0.185
77	53	0.364
77	27	0.273
77	102	0.238
77	25	0.232
77	35	0.8759999999999999
77	41	0.629
77	57	0.408
77	79	0.161
77	103	0.7190000000000001
77	30	0.159
77	37	0.204
77	78	0.7
77	51	0.345
77	12	0.982
77	36	0.409
77	85	0.365
77	42	0.441
77	47	0.703
77	84	0.34
77	33	0.443
77	28	0.277
77	89	0.188
77	108	0.272
77	31	0.15
77	58	0.535
77	7	0.366
102	105	0.343
102	91	0.629
102	46	0.892
102	112	0.981
102	59	0.204
102	32	0.34600000000000003
102	10	0.215
102	0	0.161
102	19	0.442
102	52	0.373
102	86	0.277
102	107	0.823
102	4	0.602
102	76	0.445
102	39	0.721
102	6	0.439
102	24	0.579
102	99	0.905
102	89	0.159
102	64	0.942
102	58	0.15
102	108	0.502
102	7	0.948
102	70	0.213
102	63	0.407
102	2	0.501
102	18	0.16
102	77	0.238
102	98	0.181
102	17	0.961
102	80	0.375
102	56	0.982
102	15	0.249
102	23	0.573
102	69	0.16899999999999998
102	50	0.6579999999999999
102	110	0.212
102	49	0.507
102	53	0.969
102	109	0.378
102	3	0.412
102	71	0.857
102	38	0.444
102	96	0.215
102	101	0.794
102	97	0.277
102	66	0.574
102	26	0.25
102	72	0.313
102	27	0.341
102	11	0.4970000000000001
102	65	0.41
102	48	0.514
102	35	0.5379999999999999
102	25	0.3720000000000001
102	41	0.705
102	14	0.194
102	29	0.298
102	61	0.287
102	57	0.4370000000000001
102	79	0.191
102	20	0.314
102	9	0.65
102	54	0.903
102	75	0.234
102	103	0.527
102	30	0.187
102	37	0.18
102	45	0.467
102	55	0.441
102	90	0.243
102	81	0.16699999999999998
102	8	0.825
102	78	0.364
102	51	0.716
102	43	0.501
102	12	0.182
102	36	0.522
102	22	0.313
102	62	0.204
102	13	0.954
102	40	0.375
102	42	0.984
102	47	0.826
102	87	0.29
102	111	0.736
102	84	0.177
102	100	0.98
102	33	0.448
102	44	0.6579999999999999
102	21	0.63
102	28	0.442
102	16	0.319
43	101	0.304
43	71	0.284
43	91	0.221
43	66	0.407
43	46	0.659
43	112	0.392
43	53	0.504
43	35	0.151
43	105	0.171
43	65	0.234
43	102	0.501
43	99	0.505
43	52	0.238
43	107	0.58
43	39	0.37
43	41	0.343
43	6	0.163
43	61	0.664
43	108	0.15
43	64	0.748
43	106	0.453
43	9	0.2
43	103	0.24
43	54	0.443
43	7	0.163
43	8	0.28600000000000003
43	63	0.189
43	55	0.151
43	45	0.181
43	51	0.28
43	98	0.163
43	17	0.165
43	104	0.299
43	80	0.179
43	62	0.5820000000000001
43	73	0.193
43	56	0.307
43	40	0.304
43	42	0.252
43	23	0.151
43	13	0.221
43	47	0.408
43	44	0.304
43	87	0.271
43	111	0.364
43	49	0.254
43	100	0.161
43	50	0.204
43	21	0.343
43	16	0.248
56	37	0.28
56	51	0.985
56	78	0.484
56	81	0.248
56	34	0.193
56	12	0.493
56	36	0.682
56	47	0.967
56	85	0.304
56	42	0.927
56	33	0.589
56	84	0.343
56	28	0.47
56	45	0.535
56	91	0.973
56	0	0.256
56	105	0.7509999999999999
56	52	0.479
56	95	0.151
56	86	0.43
56	4	0.354
56	99	0.969
56	39	0.8220000000000001
56	6	0.728
56	24	0.7490000000000001
56	64	0.304
56	106	0.345
56	74	0.192
56	70	0.32299999999999995
56	18	0.231
56	2	0.438
56	77	0.481
56	73	0.194
56	15	0.348
56	5	0.304
56	69	0.208
56	49	0.187
56	83	0.185
56	109	0.441
56	3	0.398
56	66	0.7170000000000001
56	11	0.65
56	48	0.928
56	92	0.28800000000000003
56	14	0.52
56	1	0.278
56	29	0.305
56	20	0.444
56	60	0.307
56	9	0.889
56	75	0.5489999999999999
56	55	0.769
56	90	0.6409999999999999
56	8	0.8240000000000001
56	43	0.307
56	94	0.247
56	62	0.305
56	22	0.307
56	13	0.531
56	40	0.243
56	87	0.441
56	111	0.995
56	100	0.978
56	44	0.82
56	16	0.398
56	21	0.524
56	67	0.305
56	112	0.966
56	59	0.6890000000000001
56	32	0.362
56	46	0.47
56	10	0.523
56	19	0.447
56	107	0.505
56	76	0.515
56	89	0.406
56	58	0.642
56	31	0.151
56	108	0.402
56	7	0.8440000000000001
56	63	0.984
56	17	0.848
56	80	0.622
56	23	0.727
56	50	0.927
56	38	0.74
56	71	0.977
56	96	0.468
56	101	0.899
56	97	0.384
56	26	0.339
56	53	0.899
56	27	0.25
56	72	0.246
56	68	0.211
56	65	0.161
56	35	0.685
56	25	0.396
56	102	0.982
56	41	0.895
56	61	0.34700000000000003
56	57	0.718
56	79	0.304
56	54	0.16899999999999998
56	103	0.6859999999999999
56	30	0.239
100	19	0.258
100	86	0.177
100	52	0.279
100	88	0.187
100	4	0.17600000000000002
100	107	0.368
100	76	0.359
100	6	0.243
100	39	0.677
100	99	0.838
100	24	0.556
100	64	0.918
100	106	0.191
100	58	0.219
100	108	0.214
100	7	0.936
100	63	0.278
100	18	0.206
100	2	0.337
100	77	0.204
100	17	0.938
100	56	0.978
100	5	0.274
100	15	0.254
100	23	0.696
100	103	0.466
100	50	0.444
100	110	0.194
100	109	0.349
100	38	0.284
100	3	0.192
100	71	0.758
100	96	0.208
100	101	0.424
100	66	0.475
100	97	0.212
100	53	0.679
100	72	0.279
100	11	0.936
100	48	0.204
100	25	0.234
100	102	0.98
100	35	0.499
100	68	0.196
100	41	0.747
100	29	0.205
100	14	0.273
100	61	0.174
100	57	0.436
100	20	0.257
100	79	0.151
100	9	0.69
100	60	0.19
100	75	0.238
100	54	0.901
100	91	0.278
100	112	0.979
100	46	0.242
100	32	0.34600000000000003
100	47	0.981
100	105	0.237
100	45	0.3670000000000001
100	55	0.329
100	90	0.159
100	78	0.214
100	8	0.701
100	51	0.7809999999999999
100	43	0.161
100	22	0.257
100	94	0.328
100	12	0.227
100	36	0.946
100	13	0.931
100	42	0.947
100	87	0.28800000000000003
100	111	0.784
100	28	0.255
100	33	0.421
100	44	0.547
100	21	0.277
100	16	0.217
47	72	0.221
47	71	0.96
47	38	0.713
47	96	0.441
47	97	0.505
47	53	0.951
47	26	0.659
47	11	0.71
47	0	0.26
47	105	0.8220000000000001
47	52	0.635
47	6	0.53
47	70	0.442
47	73	0.19
47	18	0.738
47	5	0.253
47	69	0.406
47	83	0.171
47	48	0.34
47	92	0.272
47	17	0.911
47	98	0.231
47	65	0.275
47	41	0.977
47	61	0.319
47	57	0.716
47	85	0.345
47	33	0.918
47	63	0.629
47	14	0.518
47	1	0.32299999999999995
47	75	0.594
47	20	0.579
47	90	0.726
47	43	0.408
47	22	0.672
47	13	0.63
47	87	0.511
47	100	0.981
47	16	0.531
47	21	0.5760000000000001
47	67	0.44
47	31	0.56
47	107	0.6579999999999999
47	76	0.662
47	108	0.789
47	58	0.664
47	23	0.928
47	50	0.434
47	101	0.935
47	25	0.5720000000000001
47	27	0.345
47	68	0.16699999999999998
47	35	0.866
47	102	0.826
47	103	0.826
47	79	0.243
47	54	0.195
47	30	0.364
47	45	0.5670000000000001
47	37	0.685
47	81	0.365
47	78	0.628
47	51	0.823
47	34	0.151
47	12	0.552
47	36	0.731
47	42	0.899
47	84	0.304
47	28	0.8170000000000001
47	91	0.821
47	86	0.442
47	4	0.493
47	39	0.979
47	24	0.892
47	99	0.98
47	64	0.632
47	106	0.179
47	74	0.16899999999999998
47	2	0.481
47	77	0.703
47	15	0.45
47	46	0.58
47	109	0.6970000000000001
47	49	0.446
47	3	0.473
47	66	0.825
47	29	0.6509999999999999
47	9	0.866
47	60	0.319
47	55	0.5760000000000001
47	8	0.967
47	62	0.241
47	94	0.208
47	40	0.6579999999999999
47	93	0.173
47	111	0.979
47	44	0.91
47	32	0.6970000000000001
47	112	0.977
47	59	0.506
47	10	0.312
47	19	0.862
47	89	0.444
47	7	0.81
47	80	0.504
47	56	0.967
41	7	0.625
41	91	0.655
41	0	0.215
41	105	0.989
41	86	0.364
41	52	0.54
41	6	0.441
41	4	0.366
41	39	0.974
41	24	0.826
41	99	0.939
41	64	0.237
41	70	0.277
41	77	0.629
41	18	0.48
41	2	0.429
41	69	0.342
41	5	0.168
41	15	0.408
41	49	0.48
41	109	0.304
41	3	0.375
41	66	0.916
41	11	0.638
41	48	0.215
41	92	0.189
41	14	0.455
41	1	0.23
41	29	0.63
41	20	0.53
41	75	0.513
41	9	0.708
41	60	0.211
41	55	0.39
41	90	0.31
41	8	0.995
41	43	0.343
41	94	0.166
41	40	0.38
41	62	0.197
41	22	0.276
41	21	0.442
41	13	0.574
41	87	0.434
41	111	0.996
41	100	0.747
41	16	0.365
41	44	0.727
41	67	0.441
41	10	0.165
41	112	0.898
41	59	0.364
41	32	0.307
41	46	0.503
41	19	0.6629999999999999
41	76	0.537
41	107	0.5760000000000001
41	108	0.813
41	89	0.375
41	31	0.204
41	58	0.277
41	17	0.7340000000000001
41	63	0.481
41	80	0.343
41	56	0.895
41	23	0.746
41	50	0.341
41	71	0.823
41	38	0.574
41	96	0.306
41	101	0.8220000000000001
41	33	0.93
41	97	0.44
41	53	0.828
41	26	0.373
41	27	0.343
41	35	0.736
41	25	0.369
41	65	0.317
41	68	0.196
41	102	0.705
41	45	0.348
41	61	0.239
41	57	0.605
41	79	0.163
41	30	0.239
41	103	0.7490000000000001
41	37	0.481
41	81	0.24
41	78	0.433
41	51	0.7190000000000001
41	12	0.54
41	36	0.669
41	85	0.25
41	42	0.8270000000000001
41	47	0.977
41	84	0.192
41	28	0.628
79	91	0.906
79	52	0.204
79	39	0.215
79	99	0.305
79	24	0.187
79	77	0.161
79	83	0.243
79	66	0.229
79	9	0.151
79	92	0.408
79	1	0.903
79	60	0.28
79	8	0.215
79	13	0.16699999999999998
79	111	0.213
79	87	0.211
79	100	0.151
79	44	0.196
79	21	0.154
79	112	0.3720000000000001
79	59	0.7070000000000001
79	107	0.212
79	7	0.153
79	58	0.929
79	63	0.188
79	17	0.248
79	56	0.304
79	96	0.321
79	71	0.337
79	38	0.16699999999999998
79	101	0.303
79	53	0.18600000000000005
79	35	0.171
79	102	0.191
79	41	0.163
79	57	0.304
79	103	0.157
79	78	0.264
79	85	0.902
79	47	0.243
79	42	0.375
79	84	0.921
79	33	0.15
70	71	0.595
70	38	0.187
70	91	0.192
70	101	0.204
70	66	0.35100000000000003
70	11	0.285
70	112	0.354
70	72	0.264
70	53	0.256
70	48	0.235
70	102	0.213
70	57	0.165
70	76	0.7390000000000001
70	41	0.277
70	39	0.277
70	99	0.462
70	24	0.27
70	74	0.489
70	9	0.249
70	75	0.181
70	103	0.38
70	63	0.159
70	17	0.211
70	2	0.162
70	8	0.422
70	51	0.28
70	80	0.258
70	73	0.189
70	56	0.32299999999999995
70	36	0.257
70	22	0.773
70	23	0.516
70	42	0.18
70	47	0.442
70	69	0.6579999999999999
70	111	0.575
70	44	0.478
70	28	0.17
70	16	0.191
22	91	0.52
22	71	0.5379999999999999
22	53	0.345
22	101	0.239
22	66	0.152
22	112	0.398
22	72	0.268
22	11	0.153
22	48	0.237
22	25	0.208
22	19	0.151
22	102	0.313
22	35	0.239
22	24	0.241
22	107	0.27
22	4	0.171
22	76	0.706
22	99	0.495
22	41	0.276
22	39	0.261
22	63	0.187
22	9	0.205
22	74	0.422
22	75	0.412
22	70	0.773
22	103	0.3670000000000001
22	45	0.165
22	78	0.163
22	8	0.386
22	51	0.277
22	17	0.206
22	80	0.396
22	73	0.242
22	56	0.307
22	36	0.183
22	23	0.63
22	42	0.21
22	13	0.232
22	47	0.672
22	69	0.703
22	111	0.716
22	100	0.257
22	44	0.634
22	21	0.17600000000000002
22	28	0.181
22	16	0.21
87	56	0.441
87	91	0.48
87	105	0.5770000000000001
87	86	0.244
87	52	0.821
87	88	0.304
87	4	0.151
87	39	0.364
87	24	0.325
87	99	0.4970000000000001
87	2	0.151
87	77	0.787
87	15	0.163
87	109	0.151
87	83	0.237
87	3	0.18600000000000005
87	66	0.342
87	11	0.206
87	92	0.205
87	21	0.18600000000000005
87	20	0.277
87	9	0.228
87	60	0.364
87	75	0.173
87	55	0.191
87	90	0.16899999999999998
87	8	0.633
87	43	0.271
87	40	0.304
87	13	0.304
87	111	0.509
87	100	0.28800000000000003
87	44	0.3670000000000001
87	67	0.491
87	112	0.7979999999999999
87	59	0.71
87	46	0.349
87	107	0.206
87	58	0.442
87	7	0.228
87	63	0.215
87	17	0.639
87	23	0.345
87	50	0.159
87	71	0.515
87	38	0.504
87	96	0.366
87	101	0.4920000000000001
87	97	0.823
87	53	0.32299999999999995
87	68	0.15
87	35	0.63
87	102	0.29
87	41	0.434
87	79	0.211
87	57	0.439
87	103	0.442
87	78	0.365
87	51	0.304
87	12	0.5760000000000001
87	85	0.151
87	36	0.256
87	42	0.6779999999999999
87	47	0.511
87	84	0.29
87	33	0.214
11	76	0.277
11	91	0.442
11	67	0.277
11	112	0.759
11	59	0.29
11	32	0.279
11	46	0.206
11	105	0.369
11	0	0.392
11	10	0.417
11	19	0.642
11	4	0.515
11	107	0.242
11	52	0.304
11	86	0.304
11	70	0.285
11	39	0.6609999999999999
11	6	0.654
11	99	0.747
11	24	0.338
11	7	0.753
11	89	0.56
11	58	0.294
11	108	0.244
11	63	0.441
11	77	0.305
11	2	0.695
11	17	0.499
11	80	0.31
11	56	0.65
11	5	0.26
11	15	0.274
11	23	0.483
11	69	0.485
11	110	0.151
11	85	0.413
11	13	0.6990000000000001
11	42	0.889
11	47	0.71
11	111	0.6709999999999999
11	87	0.206
11	84	0.153
11	100	0.936
11	33	0.184
11	44	0.585
11	21	0.65
11	16	0.491
11	109	0.334
11	3	0.575
11	71	0.848
11	38	0.453
11	96	0.314
11	101	0.87
11	66	0.504
11	97	0.409
11	53	0.662
11	27	0.313
11	72	0.221
11	48	0.211
11	25	0.58
11	35	0.642
11	102	0.4970000000000001
11	41	0.638
11	1	0.345
11	14	0.958
11	61	0.204
11	57	0.63
11	20	0.209
11	9	0.857
11	75	0.307
11	103	0.531
11	30	0.408
11	90	0.472
11	37	0.154
11	55	0.639
11	81	0.151
11	78	0.662
11	8	0.6779999999999999
11	51	0.53
11	22	0.153
11	62	0.15
11	94	0.247
11	36	0.94
12	107	0.19
12	58	0.442
12	7	0.2
12	63	0.44
12	17	0.44
12	56	0.493
12	23	0.4970000000000001
12	71	0.629
12	38	0.63
12	101	0.48
12	96	0.44
12	97	0.455
12	26	0.165
12	53	0.199
12	102	0.182
12	35	0.984
12	41	0.54
12	57	0.37
12	103	0.58
12	78	0.69
12	51	0.282
12	36	0.227
12	85	0.4
12	42	0.682
12	47	0.552
12	84	0.599
12	109	0.241
12	91	0.48
12	105	0.923
12	52	0.66
12	95	0.396
12	86	0.21
12	4	0.168
12	39	0.343
12	99	0.493
12	24	0.277
12	106	0.197
12	77	0.982
12	83	0.193
12	66	0.448
12	92	0.163
12	1	0.16899999999999998
12	20	0.199
12	9	0.187
12	60	0.343
12	75	0.165
12	55	0.312
12	8	0.894
12	111	0.674
12	13	0.206
12	40	0.228
12	87	0.5760000000000001
12	67	0.964
12	100	0.227
12	44	0.365
12	21	0.196
12	59	0.544
12	112	0.82
95	91	0.182
95	99	0.195
95	2	0.154
95	55	0.214
95	13	0.185
95	21	0.17
95	112	0.627
95	59	0.245
95	58	0.155
95	17	0.512
95	56	0.151
95	101	0.277
95	71	0.5489999999999999
95	96	0.21
95	57	0.23
95	78	0.163
95	12	0.396
95	42	0.191
112	88	0.277
112	52	0.893
112	6	0.531
112	25	0.47
112	70	0.354
112	18	0.306
112	5	0.348
112	69	0.34
112	83	0.407
112	92	0.38
112	11	0.759
112	48	0.35100000000000003
112	14	0.6629999999999999
112	1	0.7020000000000001
112	20	0.614
112	75	0.638
112	90	0.551
112	43	0.392
112	68	0.305
112	35	0.901
112	102	0.981
112	79	0.3720000000000001
112	54	0.544
112	103	0.792
112	30	0.304
112	45	0.527
112	37	0.406
112	22	0.398
112	13	0.923
112	87	0.7979999999999999
112	100	0.979
112	51	0.9
112	78	0.83
112	81	0.838
112	34	0.19
112	36	0.8220000000000001
112	12	0.82
112	42	0.987
112	47	0.977
112	84	0.442
112	28	0.574
112	91	0.918
112	86	0.63
112	95	0.627
112	4	0.493
112	39	0.925
112	24	0.933
112	99	0.981
112	74	0.236
112	106	0.277
112	64	0.408
112	2	0.875
112	77	0.823
112	15	0.526
112	110	0.206
112	49	0.371
112	109	0.71
112	3	0.649
112	66	0.715
112	29	0.43
112	9	0.833
112	60	0.501
112	55	0.7090000000000001
112	8	0.968
112	94	0.302
112	62	0.284
112	93	0.236
112	40	0.403
112	111	0.966
112	44	0.875
112	59	0.847
112	16	0.443
112	21	0.8290000000000001
112	46	0.774
112	67	0.705
112	32	0.495
112	10	0.588
112	19	0.579
112	89	0.402
112	7	0.705
112	85	0.491
112	33	0.723
112	108	0.7509999999999999
112	58	0.828
112	107	0.659
112	76	0.51
112	31	0.28600000000000003
112	63	0.664
112	98	0.246
112	17	0.974
112	23	0.892
112	50	0.443
112	101	0.984
112	27	0.32299999999999995
112	0	0.429
112	105	0.826
112	82	0.16899999999999998
112	80	0.718
112	56	0.966
112	38	0.823
112	71	0.981
112	96	0.774
112	97	0.926
112	26	0.442
112	53	0.996
112	72	0.292
112	65	0.304
112	41	0.898
112	61	0.366
112	57	0.949
110	99	0.16899999999999998
110	6	0.151
110	71	0.187
110	101	0.227
110	53	0.206
110	112	0.206
110	102	0.212
110	11	0.151
110	35	0.163
110	36	0.161
110	57	0.29100000000000004
110	64	0.248
110	108	0.185
110	9	0.183
110	51	0.205
110	2	0.21600000000000005
110	17	0.151
110	42	0.404
110	13	0.275
110	100	0.194
110	3	0.206
110	21	0.29
109	86	0.206
109	91	0.3670000000000001
109	32	0.234
109	112	0.71
109	59	0.19
109	19	0.151
109	46	0.165
109	105	0.277
109	52	0.305
109	107	0.237
109	76	0.153
109	39	0.481
109	6	0.19
109	99	0.63
109	24	0.336
109	7	0.252
109	64	0.192
109	58	0.159
109	108	0.364
109	63	0.215
109	2	0.34
109	17	0.459
109	80	0.206
109	56	0.441
109	23	0.343
109	15	0.188
109	71	0.705
109	3	0.23
109	38	0.313
109	66	0.194
109	96	0.19
109	101	0.775
109	97	0.22
109	53	0.442
109	11	0.334
109	72	0.175
109	8	0.424
109	35	0.35100000000000003
109	102	0.378
109	41	0.304
109	57	0.971
109	20	0.294
109	9	0.361
109	75	0.314
109	103	0.24
109	55	0.588
109	78	0.16899999999999998
109	81	0.153
109	13	0.397
109	21	0.267
109	51	0.573
109	42	0.94
109	36	0.386
109	12	0.241
109	85	0.17
109	47	0.6970000000000001
109	87	0.151
109	111	0.443
109	84	0.215
109	100	0.349
109	33	0.199
109	28	0.161
109	44	0.304
16	19	0.579
16	90	0.408
16	55	0.2
16	13	0.938
16	8	0.504
16	43	0.248
16	94	0.322
16	22	0.21
16	111	0.501
16	100	0.217
16	44	0.3670000000000001
16	21	0.911
16	67	0.339
16	32	0.39
16	112	0.443
16	59	0.241
16	10	0.931
16	76	0.282
16	89	0.441
16	31	0.27
16	108	0.23
16	58	0.19
16	7	0.955
16	63	0.18600000000000005
16	17	0.153
16	80	0.379
16	56	0.398
16	23	0.504
16	69	0.161
16	91	0.277
16	105	0.206
16	0	0.913
16	4	0.981
16	18	0.215
16	6	0.948
16	39	0.384
16	24	0.961
16	99	0.504
16	74	0.299
16	70	0.191
16	77	0.254
16	2	0.925
16	73	0.175
16	15	0.384
16	5	0.238
16	3	0.931
16	66	0.159
16	11	0.491
16	97	0.542
16	14	0.317
16	1	0.922
16	29	0.306
16	9	0.959
16	75	0.195
16	38	0.242
16	71	0.499
16	96	0.213
16	101	0.947
16	26	0.38
16	53	0.379
16	27	0.95
16	72	0.206
16	35	0.242
16	25	0.944
16	68	0.205
16	102	0.319
16	41	0.365
16	57	0.161
16	30	0.955
16	103	0.441
16	84	0.277
16	37	0.4
16	78	0.97
16	51	0.321
16	34	0.905
16	36	0.153
16	85	0.929
16	42	0.305
16	47	0.531
16	33	0.473
16	28	0.5770000000000001
27	23	0.204
27	5	0.284
27	15	0.165
27	3	0.921
27	71	0.321
27	38	0.161
27	96	0.151
27	101	0.933
27	66	0.28600000000000003
27	26	0.276
27	53	0.639
27	11	0.313
27	35	0.311
27	25	0.935
27	102	0.341
27	1	0.915
27	41	0.343
27	14	0.394
27	29	0.277
27	9	0.938
27	57	0.185
27	20	0.304
27	75	0.15
27	103	0.229
27	30	0.941
27	37	0.275
27	78	0.936
27	90	0.277
27	8	0.28
27	51	0.254
27	34	0.916
27	21	0.938
27	16	0.95
27	85	0.914
27	36	0.33
27	13	0.929
27	42	0.221
27	47	0.345
27	111	0.304
27	84	0.161
27	33	0.408
27	44	0.24
27	28	0.441
27	56	0.25
27	91	0.161
27	67	0.396
27	112	0.32299999999999995
27	19	0.5720000000000001
27	59	0.15
27	32	0.276
27	46	0.25
27	0	0.909
27	105	0.234
27	10	0.925
27	4	0.939
27	107	0.18600000000000005
27	108	0.29
27	24	0.937
27	6	0.931
27	39	0.365
27	99	0.32299999999999995
27	89	0.32299999999999995
27	31	0.19
27	7	0.938
27	2	0.911
27	18	0.247
27	77	0.273
27	17	0.343
65	101	0.361
65	71	0.245
65	3	0.165
65	112	0.304
65	66	0.16899999999999998
65	52	0.189
65	53	0.596
65	46	0.277
65	35	0.277
65	102	0.41
65	45	0.151
65	57	0.16899999999999998
65	39	0.313
65	107	0.236
65	24	0.159
65	41	0.317
65	99	0.242
65	108	0.373
65	64	0.228
65	42	0.21
65	17	0.213
65	8	0.228
65	51	0.204
65	56	0.161
65	43	0.234
65	21	0.277
65	111	0.2
65	13	0.27
65	47	0.275
65	44	0.217
65	33	0.422
65	49	0.813
57	112	0.949
57	91	0.792
57	67	0.21
57	59	0.69
57	46	0.16899999999999998
57	32	0.181
57	71	0.915
57	0	0.292
57	6	0.321
57	10	0.161
57	105	0.742
57	19	0.304
57	95	0.23
57	39	0.654
57	86	0.305
57	52	0.7390000000000001
57	4	0.215
57	107	0.25
57	76	0.161
57	24	0.634
57	99	0.784
57	31	0.19
57	89	0.165
57	108	0.38
57	58	0.364
57	64	0.238
57	77	0.408
57	7	0.417
57	70	0.165
57	63	0.48
57	2	0.526
57	17	0.6809999999999999
57	80	0.159
57	3	0.642
57	56	0.718
57	15	0.3720000000000001
57	23	0.441
57	69	0.187
57	109	0.971
57	110	0.29100000000000004
57	83	0.25
57	101	0.908
57	96	0.601
57	38	0.579
57	66	0.44
57	97	0.415
57	60	0.37
57	11	0.63
57	53	0.573
57	26	0.165
57	27	0.185
57	72	0.21600000000000005
57	1	0.248
57	68	0.188
57	65	0.16899999999999998
57	25	0.21
57	35	0.794
57	102	0.4370000000000001
57	92	0.305
57	14	0.46
57	41	0.605
57	29	0.242
57	61	0.151
57	79	0.304
57	20	0.399
57	9	0.581
57	75	0.615
57	103	0.479
57	45	0.15
57	37	0.187
57	55	0.448
57	81	0.151
57	90	0.239
57	78	0.345
57	8	0.879
57	51	0.963
57	28	0.312
57	94	0.234
57	12	0.37
57	36	0.669
57	85	0.244
57	13	0.613
57	42	0.997
57	47	0.716
57	87	0.439
57	111	0.74
57	100	0.436
57	84	0.243
57	33	0.472
57	44	0.477
57	16	0.161
57	21	0.5770000000000001
42	92	0.305
42	1	0.345
42	14	0.8390000000000001
42	29	0.327
42	20	0.503
42	9	0.835
42	60	0.3720000000000001
42	75	0.696
42	94	0.361
42	55	0.63
42	90	0.6629999999999999
42	8	0.894
42	43	0.252
42	104	0.433
42	62	0.161
42	22	0.21
42	93	0.192
42	40	0.19
42	13	0.907
42	111	0.895
42	87	0.6779999999999999
42	100	0.947
42	44	0.777
42	16	0.305
42	21	0.8340000000000001
42	112	0.987
42	67	0.248
42	59	0.825
42	32	0.319
42	46	0.424
42	10	0.282
42	19	0.436
42	107	0.6829999999999999
42	76	0.34
42	89	0.252
42	31	0.196
42	58	0.481
42	108	0.735
42	7	0.551
42	63	0.5770000000000001
42	17	0.929
42	98	0.522
42	80	0.305
42	56	0.927
42	23	0.629
42	50	0.252
42	71	0.983
42	38	0.77
42	26	0.256
42	96	0.711
42	101	0.985
42	97	0.53
42	53	0.898
42	72	0.212
42	27	0.221
42	68	0.21
42	65	0.21
42	35	0.826
42	25	0.337
42	102	0.984
42	41	0.8270000000000001
42	61	0.222
42	30	0.183
42	57	0.997
42	79	0.375
42	54	0.484
42	103	0.574
42	45	0.3
42	37	0.322
42	81	0.368
42	51	0.989
42	78	0.7
42	12	0.682
42	36	0.924
42	85	0.339
42	47	0.899
42	84	0.305
42	33	0.789
42	28	0.408
42	91	0.8909999999999999
42	105	0.5379999999999999
42	0	0.637
42	4	0.339
42	95	0.191
42	52	0.574
42	86	0.481
42	24	0.882
42	99	0.959
42	39	0.78
42	6	0.448
42	64	0.306
42	74	0.151
42	70	0.18
42	18	0.2
42	2	0.884
42	77	0.441
42	15	0.444
42	5	0.277
42	110	0.404
42	49	0.242
42	109	0.94
42	83	0.319
42	3	0.723
42	66	0.504
42	11	0.889
42	48	0.193
103	79	0.157
103	91	0.491
103	67	0.505
103	112	0.792
103	32	0.408
103	59	0.34
103	46	0.379
103	0	0.16699999999999998
103	105	0.715
103	19	0.398
103	86	0.187
103	52	0.575
103	4	0.439
103	107	0.342
103	24	0.585
103	76	0.502
103	6	0.304
103	39	0.713
103	99	0.7809999999999999
103	89	0.277
103	31	0.171
103	58	0.927
103	64	0.24
103	108	0.342
103	7	0.501
103	70	0.38
103	63	0.433
103	18	0.165
103	2	0.299
103	77	0.7190000000000001
103	17	0.5760000000000001
103	23	0.703
103	80	0.414
103	56	0.6859999999999999
103	15	0.28600000000000003
103	69	0.573
103	50	0.171
103	49	0.183
103	109	0.24
103	71	0.705
103	3	0.374
103	38	0.573
103	96	0.305
103	101	0.6579999999999999
103	66	0.821
103	97	0.66
103	26	0.19
103	11	0.531
103	53	0.821
103	27	0.229
103	72	0.15
103	48	0.159
103	25	0.442
103	35	0.718
103	102	0.527
103	1	0.365
103	41	0.7490000000000001
103	14	0.44
103	29	0.24
103	61	0.151
103	57	0.479
103	20	0.332
103	9	0.578
103	60	0.19
103	75	0.366
103	30	0.35100000000000003
103	55	0.304
103	45	0.454
103	37	0.205
103	43	0.24
103	78	0.504
103	90	0.215
103	8	0.8220000000000001
103	51	0.5760000000000001
103	85	0.189
103	12	0.58
103	94	0.204
103	40	0.21
103	36	0.504
103	22	0.3670000000000001
103	33	0.574
103	13	0.407
103	42	0.574
103	47	0.826
103	87	0.442
103	111	0.936
103	84	0.151
103	100	0.466
103	44	0.92
103	28	0.41
103	21	0.368
103	16	0.441
93	91	0.161
93	99	0.165
93	90	0.374
93	111	0.206
93	112	0.236
93	19	0.374
93	17	0.152
93	23	0.155
93	101	0.189
93	71	0.2
93	42	0.192
93	47	0.173
93	28	0.374
45	71	0.602
45	91	0.244
45	101	0.501
45	66	0.436
45	112	0.527
45	46	0.479
45	53	0.7090000000000001
45	48	0.17
45	105	0.215
45	65	0.151
45	35	0.183
45	102	0.467
45	52	0.163
45	107	0.429
45	4	0.206
45	41	0.348
45	39	0.406
45	76	0.183
45	24	0.152
45	99	0.557
45	57	0.15
45	108	0.151
45	9	0.229
45	103	0.454
45	63	0.161
45	8	0.482
45	51	0.339
45	17	0.359
45	43	0.181
45	56	0.535
45	80	0.223
45	22	0.165
45	36	0.24
45	111	0.552
45	23	0.35
45	42	0.3
45	47	0.5670000000000001
45	21	0.266
45	100	0.3670000000000001
45	49	0.183
45	50	0.183
45	44	0.516
59	81	0.16699999999999998
59	78	0.8240000000000001
59	101	0.721
59	82	0.491
59	27	0.15
59	35	0.579
59	25	0.15
59	102	0.204
59	103	0.34
59	79	0.7070000000000001
59	51	0.341
59	47	0.506
59	36	0.6
59	12	0.544
59	42	0.825
59	84	0.66
59	28	0.19
59	91	0.903
59	95	0.245
59	86	0.344
59	24	0.481
59	4	0.462
59	99	0.5379999999999999
59	39	0.4370000000000001
59	74	0.153
59	2	0.247
59	77	0.6579999999999999
59	15	0.205
59	49	0.423
59	109	0.19
59	3	0.379
59	66	0.268
59	29	0.159
59	9	0.44
59	60	0.956
59	55	0.281
59	8	0.631
59	111	0.504
59	44	0.326
59	19	0.16699999999999998
59	112	0.847
59	10	0.166
59	89	0.151
59	7	0.345
59	80	0.187
59	56	0.6890000000000001
59	71	0.6990000000000001
59	38	0.491
59	96	0.775
59	97	0.711
59	26	0.16699999999999998
59	53	0.364
59	72	0.196
59	41	0.364
59	0	0.187
59	105	0.444
59	52	0.447
59	6	0.325
59	73	0.196
59	5	0.171
59	83	0.7040000000000001
59	11	0.29
59	92	0.4920000000000001
59	1	0.305
59	20	0.312
59	75	0.166
59	90	0.25
59	13	0.442
59	87	0.71
59	16	0.241
59	21	0.211
59	67	0.355
59	108	0.159
59	58	0.83
59	63	0.5760000000000001
59	33	0.361
59	17	0.639
59	57	0.69
59	85	0.813
59	23	0.443
52	19	0.21
52	112	0.893
52	91	0.502
52	67	0.716
52	59	0.447
52	46	0.303
52	105	0.7040000000000001
52	0	0.228
52	86	0.211
52	107	0.573
52	4	0.16899999999999998
52	88	0.35100000000000003
52	24	0.443
52	39	0.629
52	99	0.63
52	6	0.214
52	89	0.159
52	108	0.212
52	58	0.377
52	64	0.28
52	7	0.277
52	63	0.21600000000000005
52	2	0.263
52	77	0.708
52	17	0.446
52	56	0.479
52	15	0.236
52	23	0.364
52	100	0.279
52	33	0.422
52	50	0.275
52	49	0.16699999999999998
52	3	0.28
52	109	0.305
52	83	0.19
52	38	0.578
52	71	0.774
52	101	0.63
52	96	0.38
52	97	0.823
52	1	0.181
52	66	0.504
52	11	0.304
52	53	0.502
52	65	0.189
52	68	0.205
52	35	0.7070000000000001
52	102	0.373
52	92	0.165
52	41	0.54
52	14	0.151
52	29	0.198
52	57	0.7390000000000001
52	79	0.204
52	20	0.28
52	60	0.28600000000000003
52	9	0.364
52	75	0.172
52	103	0.575
52	45	0.163
52	55	0.204
52	37	0.188
52	90	0.172
52	78	0.4
52	8	0.723
52	51	0.481
52	43	0.238
52	12	0.66
52	36	0.345
52	85	0.28
52	40	0.38
52	84	0.196
52	42	0.574
52	13	0.366
52	47	0.635
52	87	0.821
52	111	0.575
52	44	0.481
52	28	0.212
52	21	0.277
66	2	0.277
66	77	0.531
66	65	0.16899999999999998
66	18	0.188
66	63	0.321
66	11	0.504
66	27	0.28600000000000003
66	105	0.6629999999999999
66	91	0.67
66	67	0.374
66	112	0.715
66	59	0.268
66	32	0.189
66	46	0.509
66	76	0.398
66	17	0.5489999999999999
66	19	0.4320000000000001
66	86	0.504
66	52	0.504
66	4	0.19
66	107	0.449
66	108	0.504
66	6	0.246
66	39	0.893
66	24	0.63
66	99	0.866
66	89	0.25
66	64	0.35100000000000003
66	7	0.408
66	70	0.35100000000000003
66	15	0.211
66	80	0.192
66	23	0.481
66	56	0.7170000000000001
66	69	0.304
66	50	0.254
66	49	0.375
66	3	0.252
66	109	0.194
66	71	0.58
66	38	0.4
66	96	0.171
66	101	0.578
66	97	0.345
66	53	0.838
66	26	0.26
66	48	0.189
66	25	0.162
66	35	0.634
66	102	0.574
66	92	0.155
66	41	0.916
66	14	0.341
66	29	0.373
66	103	0.821
66	20	0.331
66	61	0.255
66	57	0.44
66	79	0.229
66	9	0.5489999999999999
66	75	0.308
66	37	0.252
66	45	0.436
66	55	0.247
66	90	0.192
66	78	0.276
66	8	0.7070000000000001
66	51	0.57
66	43	0.407
66	12	0.448
66	13	0.414
66	42	0.504
66	22	0.152
66	36	0.505
66	62	0.181
66	40	0.365
66	47	0.825
66	87	0.342
66	111	0.873
66	100	0.475
66	33	0.845
66	28	0.379
66	44	0.821
66	21	0.615
66	16	0.159
51	23	0.63
51	91	0.542
51	52	0.481
51	105	0.441
51	0	0.25
51	86	0.442
51	4	0.328
51	99	0.921
51	39	0.984
51	6	0.442
51	24	0.83
51	77	0.345
51	64	0.273
51	106	0.211
51	2	0.444
51	70	0.28
51	18	0.185
51	5	0.189
51	15	0.304
51	69	0.18600000000000005
51	110	0.205
51	49	0.277
51	3	0.4
51	109	0.573
51	66	0.57
51	8	0.736
51	48	0.247
51	11	0.53
51	1	0.191
51	14	0.287
51	29	0.304
51	20	0.408
51	9	0.7020000000000001
51	60	0.187
51	75	0.366
51	55	0.491
51	90	0.327
51	7	0.575
51	43	0.28
51	94	0.171
51	62	0.204
51	22	0.277
51	13	0.53
51	40	0.205
51	100	0.7809999999999999
51	87	0.304
51	111	0.8909999999999999
51	44	0.892
51	16	0.321
51	21	0.443
51	19	0.407
51	112	0.9
51	59	0.341
51	46	0.659
51	32	0.28300000000000003
51	10	0.685
51	107	0.439
51	76	0.613
51	108	0.797
51	31	0.157
51	89	0.338
51	58	0.319
51	63	0.501
51	80	0.307
51	17	0.828
51	56	0.985
51	28	0.4
51	50	0.37
51	38	0.499
51	71	0.8290000000000001
51	101	0.871
51	96	0.617
51	97	0.277
51	65	0.204
51	26	0.277
51	53	0.7490000000000001
51	72	0.229
51	27	0.254
51	25	0.345
51	35	0.531
51	102	0.716
51	41	0.7190000000000001
51	61	0.304
51	57	0.963
51	103	0.5760000000000001
51	37	0.215
51	30	0.151
51	45	0.339
51	81	0.343
51	78	0.408
51	12	0.282
51	36	0.636
51	42	0.989
51	85	0.241
51	47	0.823
51	84	0.192
51	33	0.525
76	7	0.215
76	75	0.202
76	103	0.502
76	70	0.7390000000000001
76	45	0.183
76	55	0.2
76	63	0.25
76	77	0.21
76	78	0.211
76	51	0.613
76	8	0.508
76	17	0.304
76	80	0.321
76	56	0.515
76	73	0.165
76	69	0.66
76	22	0.706
76	36	0.28600000000000003
76	23	0.66
76	15	0.151
76	13	0.163
76	42	0.34
76	47	0.662
76	111	0.662
76	100	0.359
76	33	0.28
76	49	0.183
76	44	0.449
76	28	0.364
76	21	0.245
76	109	0.153
76	16	0.282
76	74	0.161
76	91	0.443
76	38	0.18600000000000005
76	71	0.605
76	101	0.341
76	66	0.398
76	112	0.51
76	53	0.575
76	46	0.277
76	72	0.586
76	11	0.277
76	48	0.161
76	105	0.237
76	102	0.445
76	19	0.394
76	25	0.28600000000000003
76	35	0.183
76	4	0.25
76	107	0.303
76	24	0.364
76	9	0.304
76	41	0.537
76	39	0.541
76	6	0.165
76	99	0.63
76	29	0.16699999999999998
76	57	0.161
76	108	0.341
4	77	0.243
4	2	0.938
4	91	0.271
4	67	0.375
4	112	0.493
4	59	0.462
4	32	0.491
4	46	0.256
4	105	0.193
4	0	0.931
4	10	0.939
4	19	0.531
4	18	0.25
4	52	0.16899999999999998
4	86	0.159
4	107	0.248
4	6	0.954
4	76	0.25
4	39	0.38
4	31	0.297
4	24	0.956
4	99	0.503
4	89	0.406
4	108	0.27
4	7	0.967
4	38	0.29
4	56	0.354
4	17	0.5429999999999999
4	80	0.531
4	15	0.436
4	23	0.504
4	5	0.305
4	69	0.241
4	71	0.6890000000000001
4	3	0.945
4	57	0.215
4	101	0.947
4	96	0.246
4	97	0.16899999999999998
4	66	0.19
4	26	0.39
4	53	0.674
4	11	0.515
4	27	0.939
4	25	0.983
4	102	0.602
4	35	0.307
4	68	0.161
4	1	0.931
4	41	0.366
4	14	0.387
4	29	0.408
4	20	0.408
4	9	0.963
4	103	0.439
4	75	0.514
4	30	0.948
4	37	0.395
4	45	0.206
4	55	0.21
4	90	0.34700000000000003
4	8	0.408
4	78	0.969
4	34	0.911
4	51	0.328
4	12	0.168
4	36	0.545
4	22	0.171
4	100	0.17600000000000002
4	13	0.948
4	85	0.936
4	42	0.339
4	47	0.493
4	87	0.151
4	111	0.442
4	33	0.481
4	44	0.345
4	28	0.505
4	16	0.981
4	21	0.955
98	43	0.163
98	17	0.163
98	71	0.25
98	101	0.151
98	38	0.596
98	35	0.182
98	112	0.246
98	53	0.16699999999999998
98	105	0.21
98	99	0.234
98	102	0.181
98	39	0.205
98	8	0.304
98	108	0.16699999999999998
98	90	0.184
98	77	0.165
98	42	0.522
98	47	0.231
24	91	0.589
24	49	0.256
24	105	0.531
24	0	0.948
24	4	0.956
24	52	0.443
24	86	0.447
24	39	0.8240000000000001
24	6	0.974
24	99	0.917
24	106	0.546
24	64	0.189
24	70	0.27
24	77	0.471
24	2	0.964
24	15	0.231
24	5	0.322
24	69	0.258
24	109	0.336
24	83	0.188
24	3	0.97
24	66	0.63
24	11	0.338
24	48	0.231
24	29	0.152
24	92	0.171
24	1	0.955
24	14	0.173
24	20	0.177
24	9	0.994
24	75	0.34700000000000003
24	60	0.303
24	55	0.742
24	96	0.41
24	90	0.648
24	8	0.826
24	62	0.277
24	22	0.241
24	13	0.981
24	87	0.325
24	111	0.825
24	100	0.556
24	21	0.971
24	44	0.705
24	16	0.961
24	67	0.278
24	59	0.481
24	112	0.933
24	46	0.256
24	10	0.943
24	19	0.156
24	7	0.986
24	89	0.17
24	107	0.342
24	76	0.364
24	108	0.3720000000000001
24	58	0.6779999999999999
24	63	0.491
24	17	0.948
24	80	0.374
24	56	0.7490000000000001
24	23	0.7879999999999999
24	50	0.15
24	38	0.612
24	71	0.916
24	101	0.994
24	97	0.338
24	82	0.515
24	26	0.637
24	53	0.846
24	27	0.937
24	102	0.579
24	65	0.159
24	25	0.918
24	35	0.703
24	61	0.34
24	41	0.826
24	57	0.634
24	79	0.187
24	103	0.585
24	30	0.942
24	45	0.152
24	37	0.161
24	81	0.25
24	78	0.978
24	51	0.83
24	85	0.986
24	34	0.91
24	12	0.277
24	36	0.179
24	47	0.892
24	42	0.882
24	84	0.242
24	33	0.183
24	28	0.15
34	91	0.15
34	112	0.19
34	0	0.908
34	10	0.908
34	4	0.911
34	6	0.918
34	24	0.91
34	99	0.49
34	89	0.21
34	31	0.782
34	74	0.23
34	7	0.917
34	2	0.903
34	17	0.602
34	80	0.206
34	56	0.193
34	23	0.205
34	101	0.931
34	3	0.913
34	71	0.252
34	26	0.215
34	27	0.916
34	25	0.916
34	68	0.305
34	1	0.908
34	30	0.911
34	20	0.156
34	9	0.911
34	37	0.192
34	55	0.256
34	78	0.913
34	90	0.32299999999999995
34	85	0.908
34	13	0.913
34	47	0.151
34	111	0.16899999999999998
34	84	0.366
34	33	0.287
34	28	0.16699999999999998
34	16	0.905
34	21	0.922
10	86	0.157
10	91	0.17
10	112	0.588
10	59	0.166
10	32	0.312
10	0	0.925
10	19	0.343
10	39	0.214
10	4	0.939
10	24	0.943
10	6	0.94
10	99	0.54
10	89	0.277
10	31	0.231
10	58	0.173
10	7	0.944
10	18	0.171
10	2	0.931
10	5	0.206
10	17	0.498
10	56	0.523
10	15	0.426
10	23	0.215
10	38	0.23
10	71	0.397
10	3	0.939
10	96	0.162
10	101	0.935
10	27	0.925
10	26	0.21600000000000005
10	53	0.252
10	11	0.417
10	25	0.933
10	35	0.168
10	102	0.215
10	1	0.927
10	41	0.165
10	29	0.28800000000000003
10	37	0.33
10	57	0.161
10	9	0.948
10	20	0.316
10	30	0.938
10	34	0.908
10	90	0.597
10	8	0.294
10	78	0.944
10	51	0.685
10	36	0.458
10	85	0.932
10	13	0.942
10	42	0.282
10	47	0.312
10	28	0.38
10	111	0.234
10	33	0.369
10	44	0.206
10	16	0.931
10	21	0.938
92	91	0.539
92	112	0.38
92	59	0.4920000000000001
92	39	0.214
92	105	0.197
92	52	0.165
92	24	0.171
92	99	0.252
92	58	0.3670000000000001
92	63	0.224
92	77	0.245
92	17	0.195
92	56	0.28800000000000003
92	83	0.8540000000000001
92	71	0.644
92	66	0.155
92	101	0.321
92	38	0.276
92	96	0.171
92	35	0.204
92	53	0.16699999999999998
92	1	0.172
92	41	0.189
92	79	0.408
92	57	0.305
92	9	0.159
92	60	0.375
92	8	0.304
92	90	0.177
92	78	0.16899999999999998
92	12	0.163
92	36	0.151
92	47	0.272
92	42	0.305
92	13	0.181
92	84	0.8540000000000001
92	111	0.304
92	87	0.205
3	51	0.4
3	90	0.385
3	78	0.956
3	8	0.501
3	34	0.913
3	94	0.234
3	62	0.16899999999999998
3	36	0.654
3	85	0.908
3	42	0.723
3	47	0.473
3	13	0.922
3	87	0.18600000000000005
3	111	0.38
3	33	0.5670000000000001
3	100	0.192
3	44	0.364
3	21	0.959
3	16	0.931
3	28	0.52
3	89	0.414
3	86	0.205
3	52	0.28
3	4	0.945
3	107	0.392
3	6	0.975
3	39	0.442
3	24	0.97
3	99	0.508
3	64	0.165
3	58	0.272
3	31	0.377
3	108	0.26
3	7	0.912
3	18	0.277
3	63	0.171
3	2	0.919
3	77	0.252
3	5	0.29100000000000004
3	17	0.718
3	56	0.398
3	15	0.5489999999999999
3	23	0.277
3	38	0.353
3	110	0.206
3	49	0.199
3	71	0.727
3	109	0.23
3	96	0.249
3	101	0.935
3	66	0.252
3	97	0.274
3	26	0.364
3	53	0.504
3	11	0.575
3	27	0.921
3	102	0.412
3	65	0.165
3	35	0.7
3	25	0.946
3	14	0.358
3	1	0.911
3	41	0.375
3	29	0.443
3	61	0.15
3	57	0.642
3	9	0.971
3	20	0.562
3	60	0.171
3	75	0.16
3	103	0.374
3	30	0.936
3	55	0.19
3	37	0.459
3	91	0.339
3	67	0.206
3	112	0.649
3	0	0.91
3	59	0.379
3	32	0.507
3	46	0.277
3	10	0.939
3	105	0.254
3	19	0.525
1	91	0.925
1	112	0.7020000000000001
1	67	0.343
1	32	0.487
1	59	0.305
1	63	0.15
1	0	0.909
1	10	0.927
1	105	0.254
1	19	0.487
1	86	0.19
1	52	0.181
1	4	0.931
1	39	0.277
1	6	0.974
1	99	0.321
1	24	0.955
1	89	0.277
1	31	0.279
1	58	0.913
1	7	0.917
1	96	0.159
1	18	0.236
1	77	0.23
1	2	0.906
1	17	0.493
1	5	0.181
1	56	0.278
1	15	0.441
1	23	0.3720000000000001
1	3	0.911
1	83	0.25
1	38	0.238
1	71	0.407
1	101	0.909
1	26	0.205
1	82	0.229
1	53	0.183
1	11	0.345
1	27	0.915
1	35	0.284
1	25	0.94
1	103	0.365
1	92	0.172
1	41	0.23
1	14	0.171
1	29	0.306
1	57	0.248
1	79	0.903
1	20	0.408
1	60	0.204
1	9	0.971
1	30	0.92
1	55	0.161
1	37	0.34700000000000003
1	90	0.217
1	8	0.613
1	78	0.941
1	51	0.191
1	34	0.908
1	13	0.905
1	12	0.16899999999999998
1	94	0.277
1	36	0.407
1	42	0.345
1	85	0.976
1	47	0.32299999999999995
1	111	0.32299999999999995
1	84	0.917
1	33	0.379
1	28	0.487
1	16	0.922
1	21	0.927
85	90	0.276
85	112	0.491
85	60	0.38
85	91	0.931
85	67	0.722
85	59	0.813
85	32	0.354
85	0	0.909
85	10	0.932
85	105	0.3670000000000001
85	19	0.366
85	86	0.189
85	52	0.28
85	4	0.936
85	39	0.304
85	6	0.977
85	24	0.986
85	99	0.368
85	31	0.224
85	89	0.419
85	58	0.929
85	7	0.977
85	63	0.154
85	18	0.205
85	2	0.91
85	77	0.365
85	17	0.5720000000000001
85	56	0.304
85	23	0.503
85	5	0.205
85	15	0.409
85	3	0.908
85	83	0.193
85	109	0.17
85	71	0.442
85	38	0.304
85	101	0.942
85	96	0.267
85	82	0.8029999999999999
85	26	0.416
85	53	0.16899999999999998
85	11	0.413
85	27	0.914
85	35	0.366
85	25	0.927
85	1	0.976
85	14	0.206
85	41	0.25
85	29	0.313
85	57	0.244
85	79	0.902
85	20	0.424
85	9	0.974
85	37	0.32299999999999995
85	103	0.189
85	30	0.927
85	55	0.151
85	8	0.441
85	78	0.965
85	51	0.241
85	34	0.908
85	111	0.419
85	12	0.4
85	94	0.267
85	36	0.484
85	42	0.339
85	47	0.345
85	13	0.906
85	87	0.151
85	33	0.407
85	84	0.916
85	44	0.16699999999999998
85	28	0.34700000000000003
85	21	0.929
85	16	0.929
44	90	0.324
44	8	0.7809999999999999
44	94	0.175
44	43	0.304
44	87	0.3670000000000001
44	62	0.235
44	22	0.634
44	40	0.183
44	13	0.442
44	111	0.92
44	100	0.547
44	21	0.407
44	16	0.3670000000000001
44	86	0.304
44	52	0.481
44	91	0.499
44	105	0.574
44	4	0.345
44	18	0.161
44	6	0.466
44	39	0.7390000000000001
44	99	0.892
44	24	0.705
44	64	0.273
44	106	0.189
44	70	0.478
44	2	0.305
44	77	0.503
44	15	0.35100000000000003
44	69	0.248
44	109	0.304
44	49	0.224
44	3	0.364
44	66	0.821
44	11	0.585
44	55	0.398
44	48	0.246
44	57	0.477
44	29	0.277
44	14	0.378
44	75	0.325
44	20	0.382
44	9	0.723
44	60	0.18
44	71	0.8370000000000001
44	46	0.442
44	67	0.34700000000000003
44	59	0.326
44	112	0.875
44	32	0.287
44	10	0.206
44	19	0.379
44	107	0.407
44	76	0.449
44	89	0.362
44	31	0.205
44	58	0.28300000000000003
44	108	0.338
44	63	0.491
44	7	0.58
44	17	0.66
44	80	0.674
44	23	0.838
44	56	0.82
44	50	0.29
44	101	0.7290000000000001
44	38	0.472
44	96	0.258
44	97	0.364
44	26	0.235
44	53	0.838
44	72	0.165
44	27	0.24
44	102	0.6579999999999999
44	65	0.217
44	35	0.63
44	25	0.388
44	61	0.274
44	41	0.727
44	79	0.196
44	45	0.516
44	103	0.92
44	30	0.183
44	78	0.6609999999999999
44	37	0.213
44	81	0.161
44	51	0.892
44	12	0.365
44	36	0.632
44	85	0.16699999999999998
44	47	0.91
44	42	0.777
44	33	0.608
44	84	0.159
44	28	0.414
105	17	0.503
105	98	0.21
105	3	0.254
105	91	0.491
105	99	0.701
105	86	0.181
105	52	0.7040000000000001
105	4	0.193
105	6	0.205
105	39	0.818
105	24	0.531
105	64	0.15
105	2	0.211
105	18	0.16899999999999998
105	77	0.92
105	15	0.282
105	69	0.181
105	83	0.165
105	109	0.277
105	55	0.304
105	85	0.3670000000000001
105	80	0.2
105	66	0.6629999999999999
105	11	0.369
105	48	0.203
105	92	0.197
105	1	0.254
105	14	0.226
105	29	0.304
105	20	0.341
105	60	0.345
105	9	0.412
105	75	0.343
105	90	0.151
105	8	0.996
105	43	0.171
105	94	0.187
105	13	0.365
105	40	0.398
105	87	0.5770000000000001
105	111	0.981
105	16	0.206
105	100	0.237
105	44	0.574
105	21	0.24
105	67	0.8220000000000001
105	32	0.171
105	112	0.826
105	59	0.444
105	46	0.151
105	19	0.305
105	107	0.187
105	76	0.237
105	108	0.304
105	58	0.345
105	89	0.214
105	31	0.163
105	7	0.407
105	56	0.7509999999999999
105	63	0.44
105	23	0.63
105	71	0.705
105	50	0.221
105	38	0.7829999999999999
105	101	0.6579999999999999
105	96	0.441
105	97	0.728
105	26	0.206
105	53	0.48
105	27	0.234
105	35	0.91
105	25	0.215
105	102	0.343
105	41	0.989
105	57	0.742
105	30	0.165
105	103	0.715
105	45	0.215
105	37	0.303
105	78	0.69
105	51	0.441
105	36	0.448
105	12	0.923
105	42	0.5379999999999999
105	47	0.8220000000000001
105	84	0.28800000000000003
105	28	0.304
105	33	0.532
8	52	0.723
8	86	0.4
8	4	0.408
8	6	0.447
8	39	0.8270000000000001
8	24	0.826
8	99	0.955
8	64	0.282
8	70	0.422
8	18	0.28600000000000003
8	2	0.509
8	77	0.895
8	15	0.409
8	5	0.204
8	69	0.294
8	44	0.7809999999999999
8	21	0.5870000000000001
8	16	0.504
8	59	0.631
8	67	0.7340000000000001
8	112	0.968
8	32	0.424
8	46	0.446
8	10	0.294
8	19	0.575
8	107	0.691
8	76	0.508
8	89	0.644
8	31	0.272
8	58	0.483
8	108	0.441
8	7	0.63
8	63	0.6579999999999999
8	33	0.743
8	47	0.967
8	84	0.375
8	28	0.573
8	100	0.701
8	80	0.373
8	91	0.8140000000000001
8	0	0.305
8	105	0.996
8	109	0.424
8	49	0.297
8	83	0.28
8	3	0.501
8	66	0.7070000000000001
8	11	0.6779999999999999
8	48	0.239
8	94	0.308
8	92	0.304
8	1	0.613
8	14	0.515
8	29	0.447
8	20	0.53
8	9	0.737
8	60	0.4320000000000001
8	75	0.47
8	55	0.54
8	90	0.403
8	43	0.28600000000000003
8	62	0.214
8	22	0.386
8	40	0.349
8	13	0.662
8	111	0.995
8	87	0.633
8	98	0.304
8	17	0.916
8	56	0.8240000000000001
8	23	0.8240000000000001
8	50	0.349
8	71	0.951
8	38	0.8809999999999999
8	96	0.6970000000000001
8	101	0.925
8	97	0.718
8	82	0.162
8	26	0.369
8	53	0.821
8	27	0.28
8	72	0.224
8	65	0.228
8	68	0.2
8	25	0.505
8	35	0.965
8	102	0.825
8	41	0.995
8	61	0.292
8	57	0.879
8	79	0.215
8	54	0.199
8	103	0.8220000000000001
8	30	0.256
8	45	0.482
8	37	0.409
8	51	0.736
8	81	0.197
8	78	0.63
8	42	0.894
8	12	0.894
8	36	0.73
8	85	0.441
33	91	0.442
33	67	0.16899999999999998
33	19	0.184
33	46	0.183
33	112	0.723
33	59	0.361
33	32	0.522
33	0	0.412
33	10	0.369
33	105	0.532
33	58	0.264
33	52	0.422
33	86	0.342
33	4	0.481
33	107	0.39
33	76	0.28
33	6	0.581
33	39	0.94
33	99	0.738
33	24	0.183
33	89	0.16
33	31	0.448
33	108	0.442
33	7	0.7090000000000001
33	63	0.29
33	18	0.154
33	2	0.498
33	77	0.443
33	80	0.165
33	56	0.589
33	69	0.241
33	23	0.659
33	5	0.236
33	49	0.596
33	109	0.199
33	3	0.5670000000000001
33	38	0.419
33	71	0.804
33	96	0.254
33	101	0.799
33	66	0.845
33	97	0.6729999999999999
33	53	0.7040000000000001
33	26	0.551
33	27	0.408
33	11	0.184
33	65	0.422
33	102	0.448
33	25	0.481
33	35	0.631
33	51	0.525
33	1	0.379
33	41	0.93
33	14	0.16399999999999998
33	57	0.472
33	79	0.15
33	20	0.193
33	9	0.978
33	60	0.16899999999999998
33	103	0.574
33	75	0.265
33	30	0.443
33	55	0.228
33	90	0.472
33	78	0.956
33	81	0.221
33	8	0.743
33	36	0.173
33	34	0.287
33	94	0.151
33	40	0.214
33	42	0.789
33	85	0.407
33	13	0.667
33	47	0.918
33	87	0.214
33	111	0.6629999999999999
33	84	0.154
33	100	0.421
33	28	0.7090000000000001
33	44	0.608
33	21	0.535
33	16	0.473
39	91	0.823
39	0	0.28800000000000003
39	105	0.818
39	52	0.629
39	86	0.4
39	4	0.38
39	99	0.932
39	6	0.491
39	24	0.8240000000000001
39	106	0.168
39	64	0.625
39	70	0.277
39	18	0.765
39	2	0.448
39	77	0.7140000000000001
39	5	0.243
39	15	0.433
39	69	0.32299999999999995
39	49	0.477
39	83	0.165
39	109	0.481
39	66	0.893
39	3	0.442
39	48	0.25
39	11	0.6609999999999999
39	1	0.277
39	92	0.214
39	14	0.496
39	29	0.6579999999999999
39	20	0.7170000000000001
39	9	0.7170000000000001
39	60	0.254
39	75	0.424
39	55	0.431
39	90	0.37
39	8	0.8270000000000001
39	43	0.37
39	94	0.198
39	62	0.238
39	22	0.261
39	40	0.442
39	13	0.628
39	87	0.364
39	111	0.929
39	100	0.677
39	44	0.7390000000000001
39	21	0.504
39	16	0.384
39	67	0.28
39	112	0.925
39	59	0.4370000000000001
39	32	0.491
39	46	0.505
39	10	0.214
39	19	0.8240000000000001
39	107	0.579
39	76	0.541
39	89	0.3670000000000001
39	58	0.336
39	31	0.248
39	108	0.8220000000000001
39	7	0.774
39	17	0.898
39	63	0.476
39	98	0.205
39	80	0.343
39	56	0.8220000000000001
39	23	0.706
39	50	0.34
39	96	0.614
39	71	0.8240000000000001
39	38	0.575
39	101	0.823
39	97	0.407
39	26	0.417
39	53	0.927
39	72	0.505
39	27	0.365
39	68	0.205
39	65	0.313
39	35	0.7
39	25	0.41
39	102	0.721
39	61	0.28
39	41	0.974
39	57	0.654
39	79	0.215
39	54	0.192
39	103	0.713
39	78	0.491
39	30	0.252
39	45	0.406
39	37	0.45
39	81	0.366
39	51	0.984
39	12	0.343
39	36	0.8290000000000001
39	42	0.78
39	85	0.304
39	47	0.979
39	84	0.205
39	33	0.94
39	28	0.659
9	66	0.5489999999999999
9	69	0.229
9	15	0.7929999999999999
9	5	0.321
9	110	0.183
9	49	0.215
9	109	0.361
9	3	0.971
9	4	0.963
9	91	0.489
9	0	0.914
9	105	0.412
9	86	0.3720000000000001
9	52	0.364
9	29	0.504
9	24	0.994
9	39	0.7170000000000001
9	99	0.918
9	6	0.986
9	106	0.442
9	64	0.25
9	14	0.703
9	11	0.857
9	48	0.235
9	92	0.159
9	1	0.971
9	22	0.205
9	62	0.39
9	40	0.187
9	13	0.977
9	87	0.228
9	111	0.8370000000000001
9	100	0.69
9	32	0.609
9	44	0.723
9	16	0.959
9	21	0.965
9	67	0.151
9	59	0.44
9	112	0.833
9	31	0.366
9	46	0.325
9	10	0.948
9	19	0.71
9	76	0.304
9	107	0.407
9	89	0.644
9	108	0.364
9	58	0.341
9	7	0.987
9	63	0.5770000000000001
9	101	0.981
9	17	0.893
9	80	0.416
9	56	0.889
9	23	0.5720000000000001
9	50	0.277
9	96	0.343
9	71	0.9
9	38	0.512
9	82	0.529
9	97	0.28
9	27	0.938
9	53	0.843
9	26	0.541
9	102	0.65
9	25	0.963
9	35	0.653
9	61	0.442
9	41	0.708
9	57	0.581
9	79	0.151
9	103	0.578
9	30	0.941
9	45	0.229
9	37	0.5589999999999999
9	78	0.969
9	81	0.207
9	51	0.7020000000000001
9	34	0.911
9	12	0.187
9	85	0.974
9	36	0.85
9	47	0.866
9	42	0.835
9	84	0.165
9	33	0.978
9	28	0.7140000000000001
9	77	0.343
9	94	0.394
9	2	0.968
9	18	0.333
9	70	0.249
9	60	0.238
9	20	0.6940000000000001
9	75	0.329
9	55	0.8009999999999999
9	90	0.5529999999999999
9	8	0.737
9	43	0.2
101	86	0.578
101	50	0.192
101	71	0.97
101	38	0.65
101	96	0.499
101	97	0.524
101	26	0.441
101	53	0.901
101	72	0.258
101	27	0.933
101	65	0.361
101	35	0.82
101	25	0.947
101	102	0.794
101	68	0.306
101	41	0.8220000000000001
101	51	0.871
101	34	0.931
101	12	0.48
101	36	0.8490000000000001
101	85	0.942
101	42	0.985
101	47	0.935
101	84	0.472
101	33	0.799
101	28	0.628
101	52	0.63
101	95	0.277
101	91	0.7170000000000001
101	105	0.6579999999999999
101	0	0.937
101	4	0.947
101	39	0.823
101	6	0.964
101	99	0.961
101	24	0.994
101	64	0.342
101	106	0.15
101	74	0.28
101	70	0.204
101	77	0.573
101	18	0.407
101	2	0.977
101	73	0.177
101	5	0.341
101	15	0.607
101	109	0.775
101	69	0.392
101	110	0.227
101	49	0.396
101	83	0.364
101	3	0.935
101	66	0.578
101	11	0.87
101	48	0.193
101	92	0.321
101	1	0.909
101	14	0.7020000000000001
101	29	0.491
101	20	0.685
101	9	0.981
101	60	0.508
101	75	0.508
101	55	0.579
101	90	0.531
101	8	0.925
101	94	0.387
101	43	0.304
101	62	0.239
101	22	0.239
101	40	0.243
101	93	0.189
101	13	0.983
101	87	0.4920000000000001
101	111	0.898
101	100	0.424
101	44	0.7290000000000001
101	78	0.982
101	21	0.979
101	16	0.947
101	67	0.345
101	46	0.408
101	112	0.984
101	59	0.721
101	32	0.53
101	10	0.935
101	19	0.628
101	107	0.6970000000000001
101	76	0.341
101	89	0.515
101	31	0.371
101	108	0.476
101	58	0.7829999999999999
101	7	0.97
101	63	0.7120000000000001
101	98	0.151
101	17	0.936
101	80	0.431
101	56	0.899
101	23	0.705
101	61	0.321
101	57	0.908
101	79	0.303
101	54	0.183
101	103	0.6579999999999999
101	30	0.933
101	81	0.449
101	37	0.532
101	45	0.501
6	105	0.205
6	10	0.94
6	58	0.2
6	107	0.23
6	19	0.63
6	86	0.198
6	52	0.214
6	39	0.491
6	4	0.954
6	24	0.974
6	76	0.165
6	99	0.536
6	89	0.407
6	31	0.327
6	108	0.204
6	106	0.299
6	64	0.151
6	7	0.972
6	18	0.305
6	63	0.327
6	77	0.19
6	2	0.971
6	38	0.349
6	17	0.6629999999999999
6	80	0.295
6	56	0.728
6	15	0.609
6	23	0.369
6	5	0.304
6	110	0.151
6	50	0.15
6	71	0.504
6	109	0.19
6	3	0.975
6	25	0.953
6	96	0.205
6	101	0.964
6	66	0.246
6	53	0.6829999999999999
6	82	0.422
6	26	0.3720000000000001
6	27	0.931
6	11	0.654
6	48	0.211
6	35	0.34700000000000003
6	102	0.439
6	1	0.974
6	41	0.441
6	14	0.262
6	29	0.441
6	61	0.446
6	57	0.321
6	20	0.496
6	9	0.986
6	103	0.304
6	30	0.942
6	55	0.483
6	37	0.483
6	78	0.964
6	90	0.407
6	34	0.918
6	8	0.447
6	51	0.442
6	85	0.977
6	43	0.163
6	94	0.223
6	36	0.662
6	62	0.375
6	42	0.448
6	47	0.53
6	13	0.956
6	44	0.466
6	111	0.489
6	100	0.243
6	33	0.581
6	28	0.63
6	16	0.948
6	21	0.957
6	0	0.978
6	46	0.165
6	91	0.341
6	32	0.48
6	67	0.279
6	59	0.325
6	112	0.531
25	7	0.972
25	91	0.256
25	59	0.15
25	112	0.47
25	10	0.933
25	32	0.594
25	0	0.918
25	105	0.215
25	19	0.647
25	76	0.28600000000000003
25	4	0.983
25	6	0.953
25	39	0.41
25	99	0.516
25	24	0.918
25	31	0.277
25	89	0.448
25	108	0.28300000000000003
25	63	0.205
25	77	0.232
25	2	0.939
25	17	0.574
25	80	0.342
25	56	0.396
25	15	0.467
25	23	0.505
25	5	0.345
25	69	0.161
25	53	0.398
25	3	0.946
25	71	0.493
25	38	0.273
25	96	0.171
25	101	0.947
25	66	0.162
25	26	0.715
25	27	0.935
25	11	0.58
25	35	0.248
25	68	0.16899999999999998
25	102	0.3720000000000001
25	1	0.94
25	21	0.964
25	41	0.369
25	16	0.944
25	29	0.329
25	28	0.753
25	61	0.151
25	57	0.21
25	103	0.442
25	20	0.45
25	9	0.963
25	75	0.211
25	30	0.952
25	55	0.194
25	37	0.495
25	90	0.368
25	78	0.971
25	8	0.505
25	51	0.345
25	34	0.916
25	22	0.208
25	36	0.213
25	85	0.927
25	47	0.5720000000000001
25	13	0.941
25	42	0.337
25	100	0.234
25	111	0.491
25	84	0.192
25	33	0.481
25	44	0.388
88	112	0.277
88	71	0.151
88	97	0.38
88	48	0.272
88	52	0.35100000000000003
88	23	0.271
88	100	0.187
88	87	0.304
38	41	0.574
38	91	0.698
38	0	0.214
38	105	0.7829999999999999
38	86	0.338
38	52	0.578
38	4	0.29
38	99	0.821
38	6	0.349
38	39	0.575
38	24	0.612
38	70	0.187
38	77	0.71
38	2	0.358
38	15	0.32
38	5	0.159
38	69	0.151
38	83	0.343
38	109	0.313
38	3	0.353
38	66	0.4
38	1	0.238
38	11	0.453
38	92	0.276
38	97	0.408
38	14	0.234
38	29	0.277
38	20	0.419
38	9	0.512
38	60	0.341
38	75	0.298
38	101	0.65
38	71	0.895
38	96	0.481
38	79	0.16699999999999998
38	53	0.491
38	26	0.276
38	27	0.161
38	35	0.8220000000000001
38	25	0.273
38	68	0.311
38	102	0.444
38	57	0.579
38	103	0.573
38	37	0.226
38	51	0.499
38	78	0.502
38	12	0.63
38	36	0.515
38	85	0.304
38	47	0.713
38	42	0.77
38	84	0.343
38	33	0.419
38	28	0.392
38	55	0.364
38	90	0.307
38	56	0.74
38	8	0.8809999999999999
38	32	0.345
38	40	0.188
38	13	0.499
38	87	0.504
38	111	0.797
38	100	0.284
38	44	0.472
38	16	0.242
38	21	0.342
38	67	0.449
38	59	0.491
38	112	0.823
38	19	0.342
38	10	0.23
38	107	0.151
38	76	0.18600000000000005
38	89	0.228
38	108	0.237
38	31	0.19
38	58	0.38
38	7	0.442
38	63	0.404
38	80	0.188
38	17	0.82
38	98	0.596
38	23	0.481
49	71	0.28600000000000003
49	91	0.205
49	2	0.16699999999999998
49	45	0.183
49	101	0.396
49	66	0.375
49	51	0.277
49	8	0.297
49	53	0.659
49	112	0.371
49	59	0.423
49	46	0.342
49	80	0.163
49	17	0.271
49	43	0.254
49	102	0.507
49	35	0.309
49	19	0.2
49	65	0.813
49	39	0.477
49	56	0.187
49	52	0.16699999999999998
49	76	0.183
49	107	0.7170000000000001
49	36	0.181
49	23	0.161
49	108	0.365
49	41	0.48
49	42	0.242
49	29	0.237
49	13	0.342
49	47	0.446
49	99	0.364
49	24	0.256
49	64	0.162
49	111	0.25
49	50	0.171
49	9	0.215
49	33	0.596
49	44	0.224
49	21	0.271
49	28	0.16899999999999998
49	103	0.183
49	3	0.199
46	111	0.531
46	87	0.349
46	23	0.28
46	91	0.408
46	64	0.498
46	112	0.774
46	19	0.156
46	105	0.151
46	106	0.157
46	52	0.303
46	4	0.256
46	107	0.825
46	76	0.277
46	99	0.65
46	6	0.165
46	39	0.505
46	24	0.256
46	108	0.365
46	63	0.205
46	7	0.248
46	2	0.2
46	17	0.305
46	80	0.196
46	56	0.47
46	11	0.206
46	50	0.197
46	49	0.342
46	101	0.408
46	27	0.25
46	109	0.165
46	3	0.277
46	71	0.491
46	72	0.193
46	66	0.509
46	97	0.189
46	53	0.8240000000000001
46	48	0.215
46	35	0.341
46	65	0.277
46	102	0.892
46	41	0.503
46	45	0.479
46	61	0.345
46	57	0.16899999999999998
46	9	0.325
46	54	0.256
46	103	0.379
46	47	0.58
46	104	0.31
46	55	0.159
46	78	0.206
46	8	0.446
46	43	0.659
46	51	0.659
46	62	0.31
46	36	0.22
46	40	0.363
46	13	0.337
46	42	0.424
46	44	0.442
46	33	0.183
46	100	0.242
46	28	0.151
46	21	0.491
61	41	0.239
61	39	0.28
61	71	0.28800000000000003
61	66	0.255
61	101	0.321
61	112	0.366
61	46	0.345
61	53	0.304
61	11	0.204
61	25	0.151
61	102	0.287
61	6	0.446
61	99	0.443
61	57	0.151
61	24	0.34
61	64	0.536
61	106	0.5
61	108	0.185
61	9	0.442
61	103	0.151
61	7	0.277
61	55	0.773
61	63	0.621
61	8	0.292
61	51	0.304
61	17	0.215
61	104	0.151
61	43	0.664
61	100	0.174
61	13	0.159
61	56	0.34700000000000003
61	62	0.502
61	36	0.2
61	40	0.228
61	42	0.222
61	23	0.161
61	15	0.151
61	47	0.319
61	111	0.254
61	44	0.274
61	50	0.29
61	21	0.205
61	3	0.15
84	77	0.34
84	83	0.937
84	109	0.215
84	11	0.153
84	1	0.917
84	92	0.8540000000000001
84	9	0.165
84	20	0.383
84	75	0.151
84	60	0.442
84	55	0.407
84	90	0.33
84	8	0.375
84	13	0.27
84	87	0.29
84	111	0.364
84	47	0.304
84	44	0.159
84	85	0.916
84	42	0.305
84	33	0.154
84	91	0.971
84	24	0.242
84	105	0.28800000000000003
84	52	0.196
84	99	0.304
84	39	0.205
84	74	0.192
84	16	0.277
84	67	0.215
84	112	0.442
84	59	0.66
84	107	0.191
84	58	0.938
84	36	0.16699999999999998
84	7	0.163
84	17	0.388
84	63	0.171
84	41	0.192
84	80	0.231
84	56	0.343
84	23	0.319
84	101	0.472
84	71	0.44
84	38	0.343
84	96	0.93
84	97	0.165
84	25	0.192
84	53	0.154
84	26	0.21
84	27	0.161
84	102	0.177
84	35	0.305
84	68	0.364
84	79	0.921
84	57	0.243
84	103	0.151
84	78	0.633
84	51	0.192
84	34	0.366
84	12	0.599
62	42	0.161
62	39	0.238
62	71	0.197
62	101	0.239
62	51	0.204
62	55	0.722
62	66	0.181
62	63	0.5379999999999999
62	112	0.284
62	8	0.214
62	53	0.241
62	46	0.31
62	17	0.171
62	11	0.15
62	43	0.5820000000000001
62	102	0.204
62	36	0.165
62	56	0.305
62	40	0.212
62	3	0.16899999999999998
62	41	0.197
62	47	0.241
62	6	0.375
62	24	0.277
62	99	0.483
62	61	0.502
62	111	0.16899999999999998
62	64	0.461
62	106	0.494
62	44	0.235
62	9	0.39
62	7	0.221
5	91	0.304
5	59	0.171
5	112	0.348
5	32	0.193
5	10	0.206
5	0	0.247
5	19	0.211
5	4	0.305
5	24	0.322
5	39	0.243
5	6	0.304
5	99	0.29
5	89	0.18600000000000005
5	31	0.18600000000000005
5	2	0.483
5	63	0.16699999999999998
5	7	0.343
5	17	0.34700000000000003
5	56	0.304
5	15	0.159
5	23	0.239
5	38	0.159
5	3	0.29100000000000004
5	71	0.378
5	101	0.341
5	96	0.163
5	11	0.26
5	27	0.284
5	35	0.16
5	25	0.345
5	41	0.168
5	1	0.181
5	37	0.18600000000000005
5	29	0.171
5	20	0.242
5	9	0.321
5	30	0.238
5	90	0.174
5	8	0.204
5	78	0.665
5	51	0.189
5	111	0.215
5	36	0.422
5	85	0.205
5	42	0.277
5	47	0.253
5	13	0.47
5	100	0.274
5	33	0.236
5	21	0.277
5	28	0.204
5	16	0.238
107	101	0.6970000000000001
107	24	0.342
107	91	0.443
107	112	0.659
107	46	0.825
107	99	0.635
107	19	0.252
107	105	0.187
107	52	0.573
107	6	0.23
107	4	0.248
107	39	0.579
107	76	0.303
107	56	0.505
107	64	0.342
107	108	0.374
107	7	0.307
107	63	0.171
107	18	0.161
107	2	0.38
107	77	0.159
107	17	0.426
107	80	0.243
107	23	0.305
107	50	0.335
107	49	0.7170000000000001
107	109	0.237
107	38	0.151
107	3	0.392
107	71	0.536
107	51	0.439
107	72	0.173
107	66	0.449
107	53	0.908
107	11	0.242
107	27	0.18600000000000005
107	48	0.262
107	65	0.236
107	35	0.443
107	102	0.823
107	41	0.5760000000000001
107	57	0.25
107	9	0.407
107	20	0.204
107	79	0.212
107	30	0.151
107	75	0.198
107	103	0.342
107	45	0.429
107	55	0.237
107	78	0.198
107	8	0.691
107	100	0.368
107	43	0.58
107	40	0.364
107	12	0.19
107	22	0.27
107	36	0.303
107	42	0.6829999999999999
107	13	0.491
107	47	0.6579999999999999
107	84	0.191
107	87	0.206
107	111	0.54
107	44	0.407
107	33	0.39
107	28	0.205
107	21	0.57
60	91	0.594
60	105	0.345
60	52	0.28600000000000003
60	86	0.204
60	79	0.28
60	41	0.211
60	57	0.37
60	39	0.254
60	24	0.303
60	99	0.305
60	77	0.424
60	83	0.7120000000000001
60	3	0.171
60	92	0.375
60	1	0.204
60	20	0.151
60	9	0.238
60	8	0.4320000000000001
60	13	0.271
60	87	0.364
60	111	0.341
60	103	0.19
60	81	0.18600000000000005
60	78	0.38
60	51	0.187
60	12	0.343
60	36	0.173
60	85	0.38
60	47	0.319
60	42	0.3720000000000001
60	84	0.442
60	33	0.16899999999999998
60	100	0.19
60	44	0.18
60	67	0.237
60	59	0.956
60	112	0.501
60	101	0.508
60	89	0.191
60	7	0.16899999999999998
60	58	0.633
60	63	0.15
60	17	0.441
60	56	0.307
60	23	0.25
60	96	0.672
60	71	0.493
60	38	0.341
60	97	0.274
60	35	0.345
64	108	0.16899999999999998
64	106	0.389
64	71	0.614
64	101	0.342
64	66	0.35100000000000003
64	97	0.161
64	112	0.408
64	46	0.498
64	53	0.441
64	102	0.942
64	105	0.15
64	35	0.193
64	65	0.228
64	52	0.28
64	57	0.238
64	107	0.342
64	6	0.151
64	41	0.237
64	39	0.625
64	61	0.536
64	99	0.782
64	24	0.189
64	29	0.163
64	9	0.25
64	54	0.28600000000000003
64	7	0.206
64	103	0.24
64	55	0.159
64	63	0.187
64	2	0.159
64	8	0.282
64	51	0.273
64	43	0.748
64	17	0.24
64	56	0.304
64	23	0.159
64	62	0.461
64	40	0.306
64	42	0.306
64	13	0.215
64	47	0.632
64	111	0.28800000000000003
64	110	0.248
64	100	0.918
64	49	0.162
64	50	0.151
64	44	0.273
64	109	0.192
64	21	0.271
64	3	0.165
73	71	0.354
73	101	0.177
73	53	0.183
73	59	0.196
73	72	0.173
73	76	0.165
73	74	0.16899999999999998
73	75	0.243
73	70	0.189
73	80	0.529
73	43	0.193
73	56	0.194
73	22	0.242
73	23	0.284
73	47	0.19
73	69	0.248
73	16	0.175
53	94	0.16399999999999998
53	92	0.16699999999999998
53	29	0.424
53	1	0.183
53	14	0.486
53	20	0.426
53	9	0.843
53	75	0.312
53	55	0.684
53	90	0.34
53	8	0.821
53	43	0.504
53	62	0.241
53	76	0.575
53	22	0.345
53	40	0.408
53	13	0.84
53	111	0.956
53	87	0.32299999999999995
53	100	0.679
53	59	0.364
53	44	0.838
53	16	0.379
53	21	0.664
53	67	0.199
53	112	0.996
53	107	0.908
53	32	0.333
53	46	0.8240000000000001
53	19	0.504
53	10	0.252
53	89	0.276
53	31	0.199
53	58	0.29
53	108	0.774
53	7	0.653
53	63	0.442
53	80	0.48
53	98	0.16699999999999998
53	17	0.883
53	23	0.6579999999999999
53	56	0.899
53	50	0.523
53	71	0.899
53	96	0.341
53	97	0.373
53	38	0.491
53	101	0.901
53	26	0.305
53	72	0.28600000000000003
53	27	0.639
53	65	0.596
53	25	0.398
53	35	0.826
53	102	0.969
53	68	0.183
53	41	0.828
53	30	0.304
53	61	0.304
53	57	0.573
53	79	0.18600000000000005
53	103	0.821
53	45	0.7090000000000001
53	37	0.277
53	66	0.838
53	11	0.662
53	48	0.441
53	81	0.273
53	78	0.693
53	51	0.7490000000000001
53	42	0.898
53	12	0.199
53	36	0.7070000000000001
53	85	0.16899999999999998
53	47	0.951
53	33	0.7040000000000001
53	84	0.154
53	28	0.495
53	3	0.504
53	91	0.97
53	6	0.6829999999999999
53	0	0.303
53	105	0.48
53	39	0.927
53	86	0.625
53	52	0.502
53	4	0.674
53	99	0.964
53	24	0.846
53	64	0.441
53	70	0.256
53	18	0.215
53	77	0.364
53	2	0.588
53	73	0.183
53	15	0.305
53	69	0.251
53	110	0.206
53	49	0.659
53	109	0.442
83	91	0.589
83	59	0.7040000000000001
83	112	0.407
83	105	0.165
83	52	0.19
83	39	0.165
83	99	0.198
83	24	0.188
83	58	0.41
83	77	0.303
83	17	0.408
83	56	0.185
83	96	0.35
83	71	0.6
83	38	0.343
83	101	0.364
83	35	0.171
83	92	0.8540000000000001
83	1	0.25
83	57	0.25
83	79	0.243
83	60	0.7120000000000001
83	78	0.255
83	8	0.28
83	85	0.193
83	12	0.193
83	42	0.319
83	13	0.214
83	47	0.171
83	87	0.237
83	111	0.213
83	84	0.937
50	91	0.188
50	103	0.171
50	102	0.6579999999999999
50	9	0.277
50	71	0.277
50	101	0.192
50	45	0.183
50	55	0.192
50	97	0.188
50	66	0.254
50	63	0.18600000000000005
50	112	0.443
50	8	0.349
50	35	0.161
50	17	0.161
50	53	0.523
50	46	0.197
50	51	0.37
50	48	0.988
50	43	0.204
50	105	0.221
50	6	0.15
50	56	0.927
50	41	0.341
50	52	0.275
50	42	0.252
50	107	0.335
50	39	0.34
50	40	0.307
50	23	0.199
50	99	0.675
50	24	0.15
50	47	0.434
50	61	0.29
50	100	0.444
50	64	0.151
50	87	0.159
50	111	0.935
50	108	0.159
50	7	0.214
50	49	0.171
50	44	0.29
21	109	0.267
21	71	0.636
21	91	0.63
21	112	0.8290000000000001
21	59	0.211
21	32	0.527
21	46	0.491
21	0	0.943
21	10	0.938
21	105	0.24
21	19	0.6579999999999999
21	95	0.17
21	86	0.205
21	52	0.277
21	4	0.955
21	107	0.57
21	6	0.957
21	76	0.245
21	39	0.504
21	99	0.773
21	24	0.971
21	89	0.424
21	31	0.408
21	64	0.271
21	58	0.181
21	108	0.304
21	7	0.961
21	18	0.304
21	63	0.25
21	2	0.97
21	77	0.238
21	80	0.245
21	17	0.6970000000000001
21	5	0.277
21	56	0.524
21	15	0.498
21	23	0.408
21	110	0.29
21	49	0.271
21	3	0.959
21	111	0.489
21	29	0.442
21	38	0.342
21	101	0.979
21	96	0.238
21	97	0.205
21	66	0.615
21	26	0.422
21	53	0.664
21	27	0.938
21	11	0.65
21	48	0.215
21	65	0.277
21	102	0.63
21	25	0.964
21	35	0.453
21	41	0.442
21	1	0.927
21	14	0.358
21	13	0.979
21	42	0.8340000000000001
21	47	0.5760000000000001
21	87	0.18600000000000005
21	100	0.277
21	44	0.407
21	33	0.535
21	16	0.911
21	28	0.63
21	22	0.17600000000000002
21	61	0.205
21	57	0.5770000000000001
21	20	0.51
21	79	0.154
21	36	0.6709999999999999
21	12	0.196
21	9	0.965
21	75	0.227
21	103	0.368
21	30	0.948
21	45	0.266
21	55	0.28800000000000003
21	37	0.45
21	90	0.439
21	78	0.955
21	8	0.5870000000000001
21	43	0.343
21	51	0.443
21	34	0.922
21	94	0.273
21	85	0.929
21	40	0.194
7	9	0.987
7	20	0.64
7	109	0.252
7	3	0.912
7	66	0.408
7	48	0.203
7	11	0.753
7	1	0.917
7	14	0.456
7	29	0.503
7	60	0.16899999999999998
7	46	0.248
7	75	0.255
7	32	0.5760000000000001
7	59	0.345
7	90	0.462
7	55	0.378
7	8	0.63
7	43	0.163
7	62	0.221
7	94	0.284
7	13	0.911
7	87	0.228
7	111	0.6579999999999999
7	100	0.936
7	44	0.58
7	112	0.705
7	16	0.955
7	21	0.961
7	67	0.187
7	10	0.944
7	76	0.215
7	19	0.7140000000000001
7	107	0.307
7	97	0.215
7	108	0.25
7	89	0.512
7	31	0.354
7	58	0.304
7	63	0.4320000000000001
7	17	0.7879999999999999
7	80	0.424
7	56	0.8440000000000001
7	23	0.505
7	50	0.214
7	71	0.8009999999999999
7	96	0.28
7	38	0.442
7	101	0.97
7	33	0.7090000000000001
7	69	0.161
7	91	0.38
7	0	0.977
7	6	0.972
7	52	0.277
7	105	0.407
7	39	0.774
7	4	0.967
7	86	0.277
7	106	0.165
7	99	0.706
7	24	0.986
7	64	0.206
7	74	0.27
7	18	0.307
7	2	0.91
7	77	0.366
7	5	0.343
7	15	0.6679999999999999
7	82	0.622
7	26	0.442
7	27	0.938
7	53	0.653
7	102	0.948
7	25	0.972
7	35	0.504
7	57	0.417
7	41	0.625
7	61	0.277
7	34	0.917
7	79	0.153
7	37	0.526
7	30	0.941
7	103	0.501
7	78	0.964
7	51	0.575
7	12	0.2
7	36	0.763
7	85	0.977
7	84	0.163
7	42	0.551
7	47	0.81
7	28	0.659
104	71	0.189
104	46	0.31
104	43	0.299
104	99	0.233
104	42	0.433
104	61	0.151
89	90	0.488
89	8	0.644
89	78	0.451
89	51	0.338
89	34	0.21
89	111	0.475
89	94	0.214
89	36	0.589
89	85	0.419
89	42	0.252
89	13	0.444
89	47	0.444
89	44	0.362
89	33	0.16
89	16	0.441
89	28	0.443
89	21	0.424
89	30	0.394
89	91	0.151
89	112	0.402
89	59	0.151
89	32	0.409
89	0	0.246
89	105	0.214
89	10	0.277
89	19	0.491
89	86	0.15
89	52	0.159
89	4	0.406
89	39	0.3670000000000001
89	6	0.407
89	99	0.453
89	24	0.17
89	31	0.277
89	7	0.512
89	2	0.299
89	77	0.188
89	17	0.575
89	56	0.406
89	15	0.157
89	23	0.334
89	5	0.18600000000000005
89	69	0.215
89	71	0.377
89	3	0.414
89	101	0.515
89	38	0.228
89	96	0.173
89	66	0.25
89	1	0.277
89	26	0.595
89	53	0.276
89	11	0.56
89	27	0.32299999999999995
89	102	0.159
89	35	0.215
89	25	0.448
89	41	0.375
89	14	0.42
89	57	0.165
89	103	0.277
89	20	0.501
89	9	0.644
89	75	0.161
89	60	0.191
23	11	0.483
23	48	0.16899999999999998
23	14	0.262
23	1	0.3720000000000001
23	20	0.407
23	75	0.935
23	21	0.408
23	90	0.327
23	43	0.151
23	22	0.63
23	13	0.408
23	16	0.504
23	87	0.345
23	100	0.696
23	67	0.38
23	76	0.66
23	107	0.305
23	58	0.312
23	108	0.254
23	63	0.504
23	78	0.708
23	17	0.795
23	103	0.703
23	30	0.28
23	45	0.35
23	37	0.213
23	81	0.197
23	51	0.63
23	34	0.205
23	12	0.4970000000000001
23	36	0.513
23	42	0.629
23	47	0.928
23	84	0.319
23	28	0.443
23	91	0.715
23	24	0.7879999999999999
23	99	0.83
23	86	0.305
23	4	0.504
23	39	0.706
23	64	0.159
23	74	0.924
23	77	0.505
23	2	0.254
23	15	0.28600000000000003
23	49	0.161
23	109	0.343
23	3	0.277
23	66	0.481
23	29	0.159
23	9	0.5720000000000001
23	60	0.25
23	8	0.8240000000000001
23	55	0.44
23	93	0.155
23	111	0.938
23	44	0.838
23	112	0.892
23	59	0.443
23	32	0.297
23	46	0.28
23	10	0.215
23	19	0.441
23	89	0.334
23	7	0.505
23	80	0.978
23	56	0.727
23	38	0.481
23	71	0.981
23	96	0.639
23	97	0.275
23	26	0.28600000000000003
23	72	0.238
23	53	0.6579999999999999
23	57	0.441
23	41	0.746
23	61	0.161
23	85	0.503
23	33	0.659
23	6	0.369
23	105	0.63
23	52	0.364
23	88	0.271
23	70	0.516
23	18	0.215
23	73	0.284
23	5	0.239
23	69	0.551
23	50	0.199
23	101	0.705
23	27	0.204
23	68	0.925
23	25	0.505
23	35	0.629
23	102	0.573
72	59	0.196
72	112	0.292
72	46	0.193
72	32	0.315
72	107	0.173
72	76	0.586
72	99	0.271
72	39	0.505
72	70	0.264
72	80	0.221
72	23	0.238
72	56	0.246
72	73	0.173
72	69	0.525
72	109	0.175
72	102	0.313
72	53	0.28600000000000003
72	101	0.258
72	35	0.222
72	11	0.221
72	57	0.21600000000000005
72	103	0.15
72	51	0.229
72	8	0.224
72	47	0.221
72	22	0.268
72	42	0.212
72	13	0.157
72	111	0.305
72	44	0.165
72	100	0.279
72	16	0.206
80	47	0.504
80	69	0.591
80	73	0.529
80	15	0.211
80	49	0.163
80	109	0.206
80	66	0.192
80	11	0.31
80	41	0.343
80	57	0.159
80	103	0.414
80	45	0.223
80	78	0.44
80	51	0.307
80	34	0.206
80	42	0.305
80	36	0.304
80	33	0.165
80	84	0.231
80	28	0.194
80	97	0.181
80	91	0.277
80	105	0.2
80	86	0.16399999999999998
80	99	0.7120000000000001
80	6	0.295
80	4	0.531
80	39	0.343
80	24	0.374
80	74	0.93
80	70	0.258
80	77	0.252
80	2	0.181
80	20	0.341
80	9	0.416
80	75	0.92
80	90	0.183
80	55	0.562
80	8	0.373
80	43	0.179
80	13	0.23
80	22	0.396
80	17	0.343
80	111	0.47
80	44	0.674
80	16	0.379
80	21	0.245
80	59	0.187
80	112	0.718
80	46	0.196
80	19	0.188
80	107	0.243
80	76	0.321
80	58	0.16899999999999998
80	108	0.179
80	7	0.424
80	63	0.213
80	56	0.622
80	23	0.978
80	101	0.431
80	71	0.978
80	38	0.188
80	96	0.15
80	102	0.375
80	53	0.48
80	68	0.924
80	35	0.277
80	25	0.342
80	72	0.221
40	91	0.151
40	38	0.188
40	71	0.231
40	101	0.243
40	66	0.365
40	97	0.443
40	32	0.194
40	77	0.206
40	81	0.483
40	112	0.403
40	8	0.349
40	102	0.375
40	43	0.304
40	51	0.205
40	53	0.408
40	17	0.276
40	46	0.363
40	105	0.398
40	35	0.285
40	19	0.24
40	12	0.228
40	56	0.243
40	62	0.212
40	52	0.38
40	107	0.364
40	99	0.325
40	42	0.19
40	39	0.442
40	41	0.38
40	13	0.151
40	29	0.162
40	47	0.6579999999999999
40	61	0.228
40	87	0.304
40	111	0.264
40	108	0.481
40	64	0.306
40	33	0.214
40	9	0.187
40	50	0.307
40	21	0.194
40	44	0.183
40	103	0.21
40	28	0.15
20	30	0.366
20	103	0.332
20	78	0.574
20	81	0.17600000000000002
20	51	0.408
20	34	0.156
20	12	0.199
20	36	0.187
20	47	0.579
20	85	0.424
20	42	0.503
20	84	0.383
20	28	0.15
20	33	0.193
20	91	0.341
20	105	0.341
20	0	0.44
20	86	0.228
20	52	0.28
20	4	0.408
20	6	0.496
20	39	0.7170000000000001
20	24	0.177
20	99	0.5539999999999999
20	74	0.38
20	77	0.321
20	2	0.517
20	5	0.242
20	15	0.237
20	3	0.562
20	109	0.294
20	66	0.331
20	11	0.209
20	1	0.408
20	55	0.34700000000000003
20	14	0.21
20	9	0.6940000000000001
20	60	0.151
20	75	0.28600000000000003
20	44	0.382
20	90	0.468
20	8	0.53
20	94	0.189
20	13	0.649
20	87	0.277
20	111	0.493
20	100	0.257
20	21	0.51
20	67	0.171
20	112	0.614
20	59	0.312
20	10	0.316
20	19	0.163
20	107	0.204
20	89	0.501
20	31	0.184
20	58	0.21
20	108	0.215
20	7	0.64
20	63	0.234
20	96	0.313
20	17	0.268
20	80	0.341
20	56	0.444
20	23	0.407
20	38	0.419
20	71	0.586
20	101	0.685
20	97	0.225
20	82	0.257
20	26	0.152
20	53	0.426
20	27	0.304
20	25	0.45
20	102	0.314
20	35	0.406
20	68	0.339
20	41	0.53
20	57	0.399
63	86	0.15
63	2	0.183
63	52	0.21600000000000005
63	77	0.305
63	46	0.205
63	91	0.412
63	67	0.188
63	112	0.664
63	59	0.5760000000000001
63	105	0.44
63	19	0.185
63	17	0.44
63	80	0.213
63	56	0.984
63	15	0.2
63	23	0.504
63	5	0.16699999999999998
63	50	0.18600000000000005
63	109	0.215
63	71	0.665
63	3	0.171
63	38	0.404
63	101	0.7120000000000001
63	96	0.273
63	66	0.321
63	97	0.205
63	53	0.442
63	102	0.407
63	11	0.441
63	35	0.502
63	25	0.205
63	92	0.224
63	1	0.15
63	41	0.481
63	45	0.161
63	79	0.188
63	61	0.621
63	57	0.48
63	20	0.234
63	9	0.5770000000000001
63	60	0.15
63	75	0.29
63	103	0.433
63	55	0.914
63	107	0.171
63	12	0.44
63	76	0.25
63	39	0.476
63	6	0.327
63	99	0.787
63	24	0.491
63	106	0.574
63	58	0.191
63	64	0.187
63	7	0.4320000000000001
63	70	0.159
63	90	0.21
63	78	0.232
63	8	0.6579999999999999
63	51	0.501
63	43	0.189
63	94	0.19
63	36	0.47
63	62	0.5379999999999999
63	22	0.187
63	85	0.154
63	13	0.32299999999999995
63	42	0.5770000000000001
63	47	0.629
63	87	0.215
63	111	0.8270000000000001
63	84	0.171
63	100	0.278
63	44	0.491
63	33	0.29
63	28	0.211
63	16	0.18600000000000005
63	21	0.25
55	105	0.304
55	103	0.304
55	91	0.6579999999999999
55	101	0.579
55	50	0.192
55	71	0.71
55	96	0.586
55	38	0.364
55	97	0.188
55	26	0.159
55	53	0.684
55	68	0.38
55	35	0.369
55	25	0.194
55	102	0.441
55	41	0.39
55	54	0.159
55	61	0.773
55	57	0.448
55	95	0.214
55	86	0.183
55	52	0.204
55	78	0.258
55	51	0.491
55	34	0.256
55	24	0.742
55	99	0.82
55	4	0.21
55	6	0.483
55	39	0.431
55	106	0.684
55	64	0.159
55	2	0.258
55	77	0.205
55	12	0.312
55	42	0.63
55	36	0.453
55	85	0.151
55	28	0.199
55	47	0.5760000000000001
55	84	0.407
55	33	0.228
55	15	0.211
55	3	0.19
55	109	0.588
55	66	0.247
55	48	0.156
55	11	0.639
55	1	0.161
55	14	0.518
55	20	0.34700000000000003
55	9	0.8009999999999999
55	75	0.28600000000000003
55	90	0.392
55	8	0.54
55	43	0.151
55	62	0.722
55	13	0.379
55	87	0.191
55	111	0.5760000000000001
55	100	0.329
55	44	0.398
55	16	0.2
55	21	0.28800000000000003
55	67	0.15
55	112	0.7090000000000001
55	59	0.281
55	46	0.159
55	19	0.211
55	107	0.237
55	76	0.2
55	7	0.378
55	58	0.515
55	108	0.189
55	80	0.562
55	63	0.914
55	17	0.495
55	56	0.769
55	23	0.44
108	33	0.442
108	49	0.365
108	8	0.441
108	51	0.797
108	80	0.179
108	17	0.445
108	98	0.16699999999999998
108	43	0.15
108	50	0.159
108	110	0.185
108	56	0.402
108	36	0.29
108	47	0.789
108	40	0.481
108	23	0.254
108	13	0.364
108	42	0.735
108	111	0.38
108	100	0.214
108	78	0.2
108	38	0.237
108	71	0.504
108	91	0.304
108	101	0.476
108	66	0.504
108	97	0.473
108	44	0.338
108	112	0.7509999999999999
108	59	0.159
108	26	0.15
108	46	0.365
108	53	0.774
108	99	0.531
108	27	0.29
108	11	0.244
108	19	0.398
108	0	0.17
108	105	0.304
108	102	0.502
108	25	0.28300000000000003
108	65	0.373
108	35	0.256
108	52	0.212
108	107	0.374
108	4	0.27
108	76	0.341
108	6	0.204
108	39	0.8220000000000001
108	41	0.813
108	24	0.3720000000000001
108	61	0.185
108	29	0.407
108	57	0.38
108	64	0.16899999999999998
108	20	0.215
108	7	0.25
108	9	0.364
108	103	0.342
108	81	0.161
108	28	0.321
108	45	0.151
108	37	0.17
108	55	0.189
108	18	0.194
108	2	0.304
108	77	0.272
108	109	0.364
108	16	0.23
108	3	0.26
108	21	0.304
30	7	0.941
30	112	0.304
30	32	0.398
30	10	0.938
30	0	0.927
30	105	0.165
30	19	0.574
30	39	0.252
30	4	0.948
30	107	0.151
30	6	0.942
30	99	0.325
30	24	0.942
30	89	0.394
30	31	0.342
30	33	0.443
30	18	0.246
30	77	0.159
30	2	0.921
30	17	0.408
30	56	0.239
30	5	0.238
30	23	0.28
30	15	0.424
30	101	0.933
30	3	0.936
30	71	0.277
30	11	0.408
30	26	0.28800000000000003
30	27	0.941
30	53	0.304
30	25	0.952
30	35	0.151
30	102	0.187
30	41	0.239
30	1	0.92
30	14	0.19
30	29	0.375
30	103	0.35100000000000003
30	20	0.366
30	9	0.941
30	37	0.407
30	90	0.307
30	8	0.256
30	78	0.955
30	51	0.151
30	34	0.911
30	94	0.211
30	36	0.44
30	85	0.927
30	13	0.931
30	42	0.183
30	47	0.364
30	111	0.306
30	44	0.183
30	28	0.531
30	16	0.955
30	21	0.948
54	71	0.236
54	101	0.183
54	112	0.544
54	46	0.256
54	102	0.903
54	99	0.534
54	39	0.192
54	64	0.28600000000000003
54	55	0.159
54	43	0.443
54	8	0.199
54	111	0.16699999999999998
54	56	0.16899999999999998
54	47	0.195
54	42	0.484
54	100	0.901
15	21	0.498
15	89	0.157
15	16	0.384
15	91	0.277
15	59	0.205
15	112	0.526
15	32	0.219
15	105	0.282
15	0	0.471
15	10	0.426
15	24	0.231
15	52	0.236
15	4	0.436
15	99	0.451
15	39	0.433
15	76	0.151
15	6	0.609
15	58	0.182
15	7	0.6679999999999999
15	77	0.187
15	63	0.2
15	2	0.46
15	17	0.45
15	56	0.348
15	80	0.211
15	5	0.159
15	23	0.28600000000000003
15	3	0.5489999999999999
15	109	0.188
15	101	0.607
15	71	0.45
15	96	0.163
15	38	0.32
15	97	0.253
15	66	0.211
15	53	0.305
15	11	0.274
15	27	0.165
15	41	0.408
15	25	0.467
15	102	0.249
15	35	0.306
15	1	0.441
15	61	0.151
15	57	0.3720000000000001
15	20	0.237
15	37	0.262
15	9	0.7929999999999999
15	75	0.168
15	103	0.28600000000000003
15	30	0.424
15	55	0.211
15	8	0.409
15	78	0.491
15	28	0.504
15	51	0.304
15	36	0.28300000000000003
15	85	0.409
15	42	0.444
15	47	0.45
15	13	0.5479999999999999
15	87	0.163
15	111	0.407
15	100	0.254
15	44	0.35100000000000003
96	55	0.586
96	91	0.774
96	105	0.441
96	95	0.21
96	86	0.28300000000000003
96	52	0.38
96	4	0.246
96	99	0.684
96	39	0.614
96	6	0.205
96	24	0.41
96	2	0.25
96	77	0.426
96	5	0.163
96	15	0.163
96	83	0.35
96	109	0.19
96	3	0.249
96	66	0.171
96	11	0.314
96	92	0.171
96	1	0.159
96	14	0.16399999999999998
96	20	0.313
96	9	0.343
96	60	0.672
96	75	0.166
96	103	0.305
96	90	0.24
96	8	0.6970000000000001
96	111	0.441
96	13	0.38
96	87	0.366
96	100	0.208
96	44	0.258
96	21	0.238
96	16	0.213
96	67	0.252
96	112	0.774
96	59	0.775
96	32	0.192
96	10	0.162
96	19	0.16899999999999998
96	89	0.173
96	58	0.71
96	7	0.28
96	63	0.273
96	17	0.584
96	80	0.15
96	56	0.468
96	26	0.151
96	23	0.639
96	38	0.481
96	71	0.542
96	101	0.499
96	97	0.561
96	25	0.171
96	53	0.341
96	27	0.151
96	68	0.215
96	35	0.449
96	102	0.215
96	41	0.306
96	57	0.601
96	79	0.321
96	37	0.162
96	78	0.445
96	81	0.5429999999999999
96	51	0.617
96	12	0.44
96	36	0.322
96	85	0.267
96	42	0.711
96	47	0.441
96	84	0.93
96	33	0.254
96	28	0.181
13	95	0.185
13	4	0.948
13	52	0.366
13	86	0.363
13	39	0.628
13	6	0.956
13	99	0.705
13	24	0.981
13	64	0.215
13	15	0.5479999999999999
13	2	0.983
13	18	0.277
13	77	0.338
13	5	0.47
13	49	0.342
13	110	0.275
13	83	0.214
13	109	0.397
13	3	0.922
13	66	0.414
13	11	0.6990000000000001
13	48	0.15
13	92	0.181
13	1	0.905
13	14	0.45
13	29	0.442
13	20	0.649
13	60	0.271
13	9	0.977
13	75	0.206
13	100	0.931
13	43	0.221
13	55	0.379
13	8	0.662
13	90	0.447
13	94	0.328
13	22	0.232
13	40	0.151
13	87	0.304
13	111	0.546
13	44	0.442
13	21	0.979
13	16	0.938
13	32	0.42
13	67	0.185
13	112	0.923
13	59	0.442
13	46	0.337
13	10	0.942
13	19	0.531
13	107	0.491
13	76	0.163
13	89	0.444
13	31	0.34
13	58	0.614
13	108	0.364
13	7	0.911
13	63	0.32299999999999995
13	17	0.845
13	80	0.23
13	56	0.531
13	23	0.408
13	71	0.726
13	38	0.499
13	96	0.38
13	105	0.365
13	101	0.983
13	91	0.682
13	65	0.27
13	0	0.949
13	97	0.3670000000000001
13	53	0.84
13	26	0.41
13	27	0.929
13	72	0.157
13	35	0.63
13	25	0.941
13	68	0.173
13	102	0.954
13	41	0.574
13	61	0.159
13	57	0.613
13	79	0.16699999999999998
13	103	0.407
13	30	0.931
13	37	0.458
13	51	0.53
13	81	0.165
13	78	0.961
13	34	0.913
13	12	0.206
13	36	0.768
13	85	0.906
13	42	0.907
13	47	0.63
13	84	0.27
13	33	0.667
13	28	0.525
78	96	0.445
78	10	0.944
78	19	0.628
78	107	0.198
78	76	0.211
78	38	0.502
78	31	0.34700000000000003
78	89	0.451
78	58	0.629
78	108	0.2
78	7	0.964
78	63	0.232
78	17	0.7490000000000001
78	80	0.44
78	56	0.484
78	23	0.708
78	71	0.7809999999999999
78	101	0.982
78	59	0.8240000000000001
78	67	0.501
78	112	0.83
78	46	0.206
78	32	0.457
78	97	0.303
78	82	0.35600000000000004
78	26	0.378
78	53	0.693
78	27	0.936
78	25	0.971
78	35	0.843
78	102	0.364
78	41	0.433
78	57	0.345
78	79	0.264
78	103	0.504
78	30	0.955
78	34	0.913
78	37	0.442
78	81	0.515
78	51	0.408
78	12	0.69
78	36	0.7090000000000001
78	85	0.965
78	42	0.7
78	47	0.628
78	28	0.63
78	84	0.633
78	33	0.956
78	91	0.532
78	0	0.941
78	105	0.69
78	4	0.969
78	86	0.341
78	95	0.163
78	52	0.4
78	39	0.491
78	6	0.964
78	24	0.978
78	99	0.63
78	77	0.7
78	18	0.258
78	2	0.947
78	15	0.491
78	5	0.665
78	69	0.151
78	83	0.255
78	109	0.16899999999999998
78	66	0.276
78	3	0.956
78	11	0.662
78	92	0.16899999999999998
78	1	0.941
78	14	0.42
78	29	0.388
78	60	0.38
78	20	0.574
78	9	0.969
78	75	0.211
78	55	0.258
78	21	0.955
78	90	0.708
78	16	0.97
78	8	0.63
78	94	0.385
78	22	0.163
78	13	0.961
78	87	0.365
78	111	0.774
78	100	0.214
78	44	0.6609999999999999
71	98	0.25
71	85	0.442
71	18	0.321
71	73	0.354
71	5	0.378
71	69	0.4970000000000001
71	83	0.6
71	1	0.407
71	11	0.848
71	48	0.294
71	92	0.644
71	14	0.78
71	20	0.586
71	75	0.946
71	90	0.725
71	43	0.284
71	22	0.5379999999999999
71	13	0.726
71	87	0.515
71	100	0.758
71	16	0.499
71	21	0.636
71	67	0.365
71	76	0.605
71	107	0.536
71	31	0.241
71	108	0.504
71	58	0.777
71	63	0.665
71	41	0.823
71	0	0.35
71	105	0.705
71	52	0.774
71	88	0.151
71	6	0.504
71	70	0.595
71	17	0.946
71	23	0.981
71	66	0.58
71	29	0.407
71	9	0.9
71	60	0.493
71	55	0.71
71	8	0.951
71	104	0.189
71	94	0.536
71	62	0.197
71	40	0.231
71	93	0.2
71	111	0.965
71	44	0.8370000000000001
71	112	0.981
71	59	0.6990000000000001
71	32	0.447
71	46	0.491
71	10	0.397
71	19	0.7140000000000001
71	89	0.377
71	7	0.8009999999999999
71	80	0.978
71	56	0.977
71	38	0.895
71	96	0.542
71	97	0.508
71	26	0.399
71	53	0.899
71	65	0.245
71	33	0.804
71	57	0.915
71	50	0.277
71	101	0.97
71	82	0.194
71	27	0.321
71	68	0.935
71	35	0.7959999999999999
71	25	0.493
71	102	0.857
71	79	0.337
71	54	0.236
71	103	0.705
71	30	0.277
71	78	0.7809999999999999
71	45	0.602
71	37	0.35600000000000004
71	81	0.7979999999999999
71	51	0.8290000000000001
71	34	0.252
71	12	0.629
71	36	0.845
71	42	0.983
71	47	0.96
71	84	0.44
71	28	0.51
71	91	0.894
71	86	0.544
71	95	0.5489999999999999
71	4	0.6890000000000001
71	99	0.978
71	39	0.8240000000000001
71	24	0.916
71	106	0.209
71	64	0.614
71	74	0.91
71	61	0.28800000000000003
71	2	0.628
71	77	0.63
71	3	0.727
71	15	0.45
71	110	0.187
71	49	0.28600000000000003
71	109	0.705
75	74	0.925
75	91	0.412
75	105	0.343
75	4	0.514
75	86	0.177
75	52	0.172
75	99	0.639
75	39	0.424
75	24	0.34700000000000003
75	70	0.181
75	18	0.229
75	77	0.196
75	73	0.243
75	69	0.376
75	15	0.168
75	109	0.314
75	3	0.16
75	66	0.308
75	11	0.307
75	29	0.23
75	14	0.215
75	90	0.162
75	20	0.28600000000000003
75	9	0.329
75	55	0.28600000000000003
75	8	0.47
75	22	0.412
75	13	0.206
75	111	0.595
75	87	0.173
75	100	0.238
75	44	0.325
75	59	0.166
75	16	0.195
75	21	0.227
75	112	0.638
75	19	0.151
75	107	0.198
75	76	0.202
75	89	0.161
75	7	0.255
75	63	0.29
75	17	0.35600000000000004
75	101	0.508
75	80	0.92
75	56	0.5489999999999999
75	23	0.935
75	96	0.166
75	71	0.946
75	38	0.298
75	102	0.234
75	97	0.159
75	68	0.919
75	53	0.312
75	26	0.152
75	35	0.34600000000000003
75	27	0.15
75	25	0.211
75	41	0.513
75	57	0.615
75	103	0.366
75	78	0.211
75	51	0.366
75	36	0.344
75	12	0.165
75	47	0.594
75	42	0.696
75	84	0.151
75	33	0.265
75	28	0.161
14	41	0.455
14	1	0.171
14	112	0.6629999999999999
14	91	0.277
14	67	0.355
14	52	0.151
14	105	0.226
14	0	0.261
14	39	0.496
14	4	0.387
14	24	0.173
14	6	0.262
14	99	0.596
14	89	0.42
14	31	0.15
14	56	0.52
14	7	0.456
14	2	0.217
14	77	0.23
14	17	0.194
14	3	0.358
14	23	0.262
14	101	0.7020000000000001
14	71	0.78
14	96	0.16399999999999998
14	38	0.234
14	66	0.341
14	53	0.486
14	102	0.194
14	27	0.394
14	11	0.958
14	68	0.177
14	35	0.4970000000000001
14	103	0.44
14	57	0.46
14	9	0.703
14	20	0.21
14	75	0.215
14	47	0.518
14	30	0.19
14	55	0.518
14	90	0.289
14	78	0.42
14	8	0.515
14	13	0.45
14	51	0.287
14	94	0.246
14	36	0.252
14	42	0.8390000000000001
14	85	0.206
14	100	0.273
14	111	0.51
14	16	0.317
14	44	0.378
14	33	0.16399999999999998
14	21	0.358
94	78	0.385
94	0	0.263
94	91	0.153
94	112	0.302
94	105	0.187
94	99	0.261
94	6	0.223
94	39	0.198
94	89	0.214
94	7	0.284
94	63	0.19
94	2	0.256
94	17	0.179
94	56	0.247
94	71	0.536
94	3	0.234
94	101	0.387
94	82	0.17600000000000002
94	11	0.247
94	53	0.16399999999999998
94	1	0.277
94	35	0.201
94	14	0.246
94	41	0.166
94	57	0.234
94	20	0.189
94	9	0.394
94	30	0.211
94	103	0.204
94	90	0.318
94	8	0.308
94	51	0.171
94	36	0.802
94	111	0.307
94	42	0.361
94	85	0.267
94	13	0.328
94	47	0.208
94	16	0.322
94	100	0.328
94	33	0.151
94	44	0.175
94	21	0.273
106	71	0.209
106	101	0.15
106	63	0.574
106	55	0.684
106	64	0.389
106	36	0.161
106	112	0.277
106	51	0.211
106	46	0.157
106	43	0.453
106	12	0.197
106	56	0.345
106	62	0.494
106	6	0.299
106	39	0.168
106	47	0.179
106	99	0.414
106	24	0.546
106	61	0.5
106	111	0.161
106	100	0.191
106	9	0.442
106	44	0.189
106	7	0.165
99	14	0.596
99	1	0.321
99	92	0.252
99	76	0.63
99	58	0.509
99	89	0.453
99	31	0.26
99	108	0.531
99	7	0.706
99	63	0.787
99	17	0.931
99	98	0.234
99	80	0.7120000000000001
99	56	0.969
99	23	0.83
99	50	0.675
99	38	0.821
99	71	0.978
99	96	0.684
99	101	0.961
99	97	0.482
99	26	0.443
99	53	0.964
99	27	0.32299999999999995
99	72	0.271
99	65	0.242
99	35	0.87
99	25	0.516
99	68	0.248
99	102	0.905
99	13	0.705
99	91	0.908
99	0	0.31
99	105	0.701
99	95	0.195
99	52	0.63
99	86	0.574
99	4	0.503
99	39	0.932
99	24	0.917
99	6	0.536
99	106	0.414
99	64	0.782
99	74	0.188
99	70	0.462
99	29	0.442
99	18	0.304
99	2	0.585
99	77	0.574
99	20	0.5539999999999999
99	9	0.918
99	60	0.305
99	75	0.639
99	55	0.82
99	90	0.483
99	8	0.955
99	43	0.505
99	104	0.233
99	94	0.261
99	62	0.483
99	22	0.495
99	40	0.325
99	93	0.165
99	107	0.635
99	111	0.977
99	87	0.4970000000000001
99	100	0.838
99	44	0.892
99	16	0.504
99	21	0.773
99	46	0.65
99	67	0.342
99	112	0.981
99	59	0.5379999999999999
99	32	0.723
99	10	0.54
99	19	0.6579999999999999
99	41	0.939
99	61	0.443
99	57	0.784
99	79	0.305
99	54	0.534
99	45	0.557
99	103	0.7809999999999999
99	30	0.325
99	37	0.383
99	81	0.48
99	78	0.63
99	51	0.921
99	34	0.49
99	36	0.8029999999999999
99	12	0.493
99	85	0.368
99	42	0.959
99	47	0.98
99	84	0.304
99	33	0.738
99	28	0.659
99	5	0.29
99	15	0.451
99	69	0.35
99	110	0.16899999999999998
99	49	0.364
99	83	0.198
99	109	0.63
99	3	0.508
99	66	0.866
99	48	0.415
99	11	0.747
2	16	0.925
2	21	0.97
2	49	0.16699999999999998
2	17	0.851
2	56	0.438
2	80	0.181
2	15	0.46
2	23	0.254
2	5	0.483
2	110	0.21600000000000005
2	38	0.358
2	101	0.977
2	96	0.25
2	97	0.243
2	66	0.277
2	26	0.34600000000000003
2	53	0.588
2	27	0.911
2	11	0.695
2	48	0.162
2	25	0.939
2	102	0.501
2	35	0.575
2	29	0.38
2	41	0.429
2	1	0.906
2	14	0.217
2	77	0.205
2	28	0.441
2	91	0.305
2	112	0.875
2	59	0.247
2	32	0.43
2	46	0.2
2	18	0.21
2	0	0.921
2	10	0.931
2	105	0.211
2	19	0.44
2	95	0.154
2	86	0.241
2	52	0.263
2	107	0.38
2	4	0.938
2	39	0.448
2	6	0.971
2	99	0.585
2	24	0.964
2	89	0.299
2	31	0.188
2	64	0.159
2	58	0.519
2	108	0.304
2	7	0.91
2	70	0.162
2	109	0.34
2	63	0.183
2	3	0.919
2	71	0.628
2	57	0.526
2	20	0.517
2	9	0.968
2	103	0.299
2	30	0.921
2	37	0.321
2	55	0.258
2	90	0.361
2	78	0.947
2	8	0.509
2	51	0.444
2	34	0.903
2	94	0.256
2	36	0.779
2	85	0.91
2	42	0.884
2	13	0.983
2	47	0.481
2	44	0.305
2	87	0.151
2	111	0.394
2	100	0.337
2	33	0.498
31	26	0.33
31	112	0.28600000000000003
31	38	0.19
31	71	0.241
31	91	0.151
31	53	0.199
31	101	0.371
31	25	0.277
31	0	0.214
31	27	0.19
31	10	0.231
31	105	0.163
31	35	0.194
31	7	0.354
31	39	0.248
31	1	0.279
31	4	0.297
31	89	0.277
31	14	0.15
31	41	0.204
31	6	0.327
31	99	0.26
31	29	0.444
31	37	0.185
31	103	0.171
31	57	0.19
31	9	0.366
31	20	0.184
31	30	0.342
31	17	0.6629999999999999
31	2	0.188
31	18	0.342
31	77	0.15
31	90	0.187
31	78	0.34700000000000003
31	8	0.272
31	34	0.782
31	51	0.157
31	5	0.18600000000000005
31	85	0.224
31	56	0.151
31	47	0.56
31	13	0.34
31	42	0.196
31	111	0.199
31	33	0.448
31	44	0.205
31	16	0.27
31	3	0.377
31	21	0.408
68	99	0.248
68	39	0.205
68	100	0.196
68	74	0.925
68	17	0.212
68	80	0.924
68	56	0.211
68	23	0.925
68	71	0.935
68	38	0.311
68	96	0.215
68	101	0.306
68	53	0.183
68	25	0.16899999999999998
68	41	0.196
68	14	0.177
68	84	0.364
68	57	0.188
68	20	0.339
68	75	0.919
68	55	0.38
68	90	0.304
68	16	0.205
68	8	0.2
68	34	0.305
68	42	0.21
68	13	0.173
68	47	0.16699999999999998
68	87	0.15
68	111	0.171
68	4	0.161
68	91	0.189
68	112	0.305
68	52	0.205
74	111	0.193
74	34	0.23
74	47	0.16899999999999998
74	71	0.91
74	101	0.28
74	68	0.925
74	75	0.925
74	20	0.38
74	90	0.18600000000000005
74	42	0.151
74	22	0.422
74	84	0.192
74	16	0.299
74	59	0.153
74	112	0.236
74	76	0.161
74	99	0.188
74	70	0.489
74	7	0.27
74	69	0.16899999999999998
74	17	0.15
74	80	0.93
74	73	0.16899999999999998
74	56	0.192
74	23	0.924
