84	85	0.273
84	36	0.56
84	19	0.47
84	86	0.256
84	71	0.15
84	103	0.558
84	69	0.2
84	53	0.4
84	83	0.634
84	70	0.25
84	66	0.801
84	73	0.966
84	40	0.173
84	102	0.309
84	20	0.974
84	72	0.252
84	95	0.225
84	6	0.956
84	29	0.691
84	90	0.171
84	89	0.306
84	13	0.955
84	37	0.577
84	61	0.52
84	31	0.698
84	54	0.285
84	48	0.311
84	55	0.5
84	51	0.213
84	27	0.473
84	0	0.953
84	79	0.207
84	74	0.172
84	67	0.199
84	26	0.952
84	101	0.315
84	38	0.588
84	52	0.726
84	22	0.95
84	41	0.76
84	81	0.324
84	94	0.967
84	33	0.53
84	96	0.54
84	92	0.676
84	77	0.216
84	16	0.716
84	44	0.15
84	23	0.937
84	2	0.958
84	43	0.207
84	32	0.943
84	60	0.178
84	4	0.951
84	8	0.97
84	76	0.549
84	1	0.942
84	24	0.644
84	5	0.42
84	25	0.551
84	39	0.391
84	78	0.16
84	3	0.959
84	30	0.599
84	21	0.954
84	12	0.969
84	75	0.21
84	63	0.259
84	14	0.819
84	10	0.966
84	56	0.231
84	59	0.154
84	49	0.579
84	87	0.386
84	15	0.473
84	11	0.17
84	7	0.628
84	93	0.18
84	100	0.242
84	104	0.681
84	82	0.222
84	9	0.962
84	17	0.958
84	65	0.182
84	34	0.594
84	98	0.475
84	47	0.548
84	28	0.447
84	80	0.945
84	91	0.435
84	88	0.579
84	64	0.284
62	8	0.266
62	1	0.359
62	24	0.242
62	85	0.313
62	36	0.426
62	19	0.375
62	103	0.47
62	25	0.15
62	53	0.256
62	39	0.226
62	83	0.211
62	78	0.174
62	66	0.4
62	73	0.585
62	40	0.223
62	3	0.375
62	30	0.956
62	20	0.358
62	72	0.893
62	12	0.29
62	6	0.26
62	29	0.25
62	63	0.15
62	90	0.433
62	14	0.325
62	10	0.266
62	89	0.355
62	56	0.427
62	13	0.311
62	37	0.295
62	61	0.416
62	31	0.311
62	54	0.354
62	49	0.29
62	48	0.731
62	15	0.167
62	11	0.966
62	55	0.445
62	27	0.163
62	0	0.194
62	79	0.227
62	7	0.706
62	101	0.163
62	38	0.416
62	52	0.282
62	22	0.171
62	104	0.701
62	82	0.473
62	41	0.441
62	35	0.21
62	94	0.4
62	33	0.48
62	96	0.555
62	92	0.382
62	34	0.293
62	98	0.84
62	47	0.275
62	16	0.246
62	80	0.595
62	23	0.386
62	2	0.185
62	32	0.183
62	60	0.242
62	4	0.366
81	100	0.212
81	104	0.679
81	82	0.349
81	9	0.25
81	17	0.297
81	85	0.258
81	36	0.4
81	34	0.441
81	19	0.297
81	98	0.288
81	47	0.537
81	103	0.491
81	28	0.286
81	80	0.249
81	53	0.284
81	83	0.16
81	70	0.21
81	88	0.267
81	66	0.649
81	73	0.514
81	102	0.347
81	20	0.531
81	72	0.323
81	95	0.212
81	6	0.337
81	29	0.389
81	90	0.242
81	89	0.374
81	13	0.194
81	37	0.533
81	61	0.286
81	31	0.453
81	54	0.45
81	48	0.25
81	55	0.384
81	27	0.171
81	0	0.37
81	79	0.155
81	26	0.195
81	101	0.186
81	38	0.4
81	52	0.48
81	22	0.195
81	105	0.224
81	41	0.511
81	94	0.675
81	33	0.393
81	96	0.309
81	92	0.641
81	16	0.398
81	44	0.165
81	23	0.307
81	2	0.35
81	32	0.167
81	4	0.188
81	8	0.477
81	76	0.345
81	1	0.288
81	24	0.298
81	5	0.185
81	25	0.161
81	3	0.406
81	30	0.4
81	84	0.324
81	21	0.187
81	12	0.52
81	75	0.22
81	63	0.267
81	14	0.65
81	10	0.396
81	56	0.167
81	49	0.678
81	11	0.25
81	7	0.448
90	8	0.413
90	76	0.494
90	1	0.261
90	24	0.242
90	85	0.313
90	36	0.398
90	19	0.265
90	103	0.414
90	25	0.198
90	69	0.171
90	53	0.447
90	39	0.358
90	83	0.193
90	70	0.269
90	66	0.681
90	73	0.356
90	40	0.266
90	3	0.356
90	30	0.548
90	102	0.369
90	20	0.441
90	84	0.171
90	21	0.156
90	72	0.446
90	95	0.315
90	12	0.468
90	6	0.228
90	45	0.39
90	75	0.246
90	29	0.595
90	63	0.422
90	14	0.711
90	10	0.658
90	89	0.559
90	56	0.359
90	13	0.484
90	37	0.795
90	61	0.309
90	31	0.62
90	54	0.694
90	59	0.156
90	49	0.473
90	48	0.807
90	15	0.187
90	11	0.398
90	55	0.74
90	27	0.161
90	0	0.18
90	79	0.17
90	7	0.685
90	101	0.537
90	38	0.377
90	52	0.423
90	100	0.165
90	22	0.154
90	104	0.925
90	62	0.433
90	82	0.837
90	41	0.495
90	35	0.7
90	81	0.242
90	17	0.282
90	94	0.582
90	33	0.423
90	96	0.446
90	92	0.532
90	34	0.473
90	98	0.473
90	47	0.311
90	28	0.351
90	16	0.34
90	80	0.193
90	50	0.207
90	2	0.369
90	88	0.16
90	64	0.323
90	32	0.24
90	60	0.29
90	4	0.231
24	8	0.747
24	76	0.261
24	1	0.469
24	85	0.266
24	36	0.668
24	5	0.412
24	19	0.539
24	86	0.211
24	71	0.485
24	103	0.589
24	25	0.712
24	69	0.247
24	53	0.421
24	39	0.232
24	83	0.576
24	70	0.279
24	66	0.663
24	73	0.654
24	40	0.315
24	3	0.596
24	30	0.51
24	102	0.372
24	20	0.252
24	84	0.644
24	21	0.795
24	72	0.347
24	12	0.674
24	6	0.681
24	45	0.179
24	75	0.284
24	29	0.728
24	63	0.3
24	90	0.242
24	14	0.733
24	10	0.195
24	89	0.286
24	56	0.185
24	13	0.688
24	37	0.508
24	61	0.552
24	31	0.197
24	54	0.279
24	59	0.208
24	49	0.641
24	48	0.309
24	87	0.386
24	15	0.571
24	55	0.398
24	51	0.228
24	0	0.462
24	79	0.15
24	7	0.649
24	26	0.597
24	101	0.51
24	38	0.567
24	52	0.561
24	100	0.398
24	22	0.68
24	104	0.676
24	62	0.242
24	82	0.209
24	9	0.509
24	41	0.98
24	35	0.416
24	81	0.298
24	17	0.701
24	65	0.247
24	94	0.672
24	33	0.532
24	96	0.549
24	92	0.971
24	77	0.726
24	34	0.968
24	98	0.474
24	47	0.491
24	28	0.15
24	16	0.178
24	44	0.25
24	80	0.423
24	50	0.199
24	23	0.588
24	2	0.588
24	91	0.254
24	18	0.241
24	64	0.168
24	43	0.25
24	32	0.169
24	60	0.208
24	4	0.64
76	8	0.349
76	1	0.324
76	24	0.261
76	85	0.171
76	36	0.388
76	19	0.312
76	103	0.347
76	25	0.298
76	53	0.193
76	39	0.35
76	70	0.163
76	66	0.864
76	73	0.55
76	3	0.296
76	30	0.282
76	102	0.427
76	20	0.438
76	84	0.549
76	72	0.161
76	12	0.93
76	45	0.153
76	75	0.238
76	29	0.323
76	63	0.242
76	90	0.494
76	14	0.706
76	10	0.607
76	89	0.61
76	56	0.212
76	37	0.533
76	61	0.228
76	31	0.379
76	54	0.367
76	49	0.446
76	48	0.167
76	55	0.242
76	7	0.311
76	101	0.294
76	38	0.297
76	52	0.297
76	100	0.229
76	104	0.877
76	82	0.211
76	9	0.194
76	41	0.538
76	35	0.441
76	81	0.345
76	17	0.21
76	94	0.603
76	33	0.286
76	96	0.266
76	92	0.605
76	34	0.538
76	98	0.167
76	47	0.474
76	28	0.368
76	16	0.257
76	80	0.223
76	2	0.19
76	88	0.171
76	64	0.197
42	8	0.195
42	49	0.294
42	7	0.171
42	103	0.178
42	100	0.2
42	104	0.329
42	41	0.177
42	35	0.161
42	17	0.195
42	66	0.25
42	96	0.152
42	40	0.156
42	92	0.383
42	47	0.171
42	50	0.233
42	45	0.984
42	58	0.975
42	10	0.173
42	60	0.165
42	31	0.212
42	59	0.167
85	36	0.441
85	19	0.362
85	70	0.526
85	66	0.785
85	40	0.167
85	102	0.498
85	20	0.491
85	72	0.4
85	90	0.313
85	89	0.555
85	13	0.185
85	37	0.736
85	61	0.244
85	31	0.607
85	54	0.97
85	55	0.765
85	51	0.347
85	79	0.95
85	67	0.185
85	52	0.815
85	81	0.258
85	68	0.198
85	33	0.395
85	96	0.294
85	92	0.82
85	16	0.258
85	23	0.185
85	2	0.265
85	4	0.186
85	8	0.372
85	1	0.921
85	30	0.42
85	21	0.15
85	12	0.395
85	75	0.214
85	14	0.673
85	10	0.449
85	56	0.5
85	17	0.3
85	98	0.349
85	47	0.433
85	28	0.252
85	86	0.513
85	103	0.656
85	69	0.189
85	53	0.586
85	73	0.473
85	95	0.283
85	6	0.267
85	29	0.321
85	48	0.347
85	74	0.906
85	101	0.25
85	38	0.354
85	22	0.187
85	41	0.7
85	94	0.661
85	50	0.186
85	76	0.171
85	24	0.266
85	25	0.216
85	39	0.304
85	78	0.563
85	3	0.286
85	84	0.273
85	63	0.364
85	49	0.621
85	15	0.189
85	11	0.311
85	7	0.51
85	100	0.27
85	104	0.839
85	62	0.313
85	82	0.398
85	9	0.186
85	34	0.536
85	80	0.93
85	91	0.187
54	85	0.97
54	36	0.374
54	19	0.302
54	86	0.58
54	103	0.51
54	53	0.372
54	70	0.152
54	66	0.64
54	73	0.719
54	40	0.171
54	102	0.377
54	20	0.706
54	72	0.662
54	95	0.226
54	6	0.27
54	29	0.433
54	90	0.694
54	89	0.774
54	13	0.26
54	37	0.518
54	61	0.25
54	31	0.425
54	48	0.461
54	55	0.904
54	51	0.194
54	0	0.171
54	79	0.946
54	74	0.922
54	101	0.179
54	38	0.414
54	52	0.475
54	22	0.165
54	105	0.185
54	41	0.695
54	81	0.45
54	94	0.81
54	33	0.459
54	96	0.941
54	92	0.653
54	16	0.378
54	23	0.297
54	2	0.549
54	4	0.15
54	8	0.68
54	76	0.367
54	1	0.923
54	24	0.279
54	5	0.231
54	39	0.359
54	78	0.424
54	3	0.426
54	30	0.648
54	84	0.285
54	21	0.169
54	12	0.681
54	75	0.224
54	63	0.398
54	14	0.785
54	10	0.426
54	56	0.655
54	49	0.446
54	11	0.487
54	7	0.551
54	104	0.831
54	62	0.354
54	82	0.581
54	9	0.267
54	17	0.245
54	34	0.43
54	98	0.416
54	47	0.398
54	28	0.246
54	80	0.929
54	88	0.211
64	8	0.319
64	76	0.197
64	1	0.191
64	24	0.168
64	36	0.347
64	19	0.661
64	71	0.708
64	103	0.396
64	25	0.379
64	69	0.515
64	53	0.229
64	57	0.178
64	83	0.379
64	70	0.418
64	66	0.601
64	73	0.167
64	40	0.184
64	3	0.181
64	30	0.194
64	102	0.209
64	20	0.368
64	84	0.284
64	21	0.25
64	12	0.228
64	6	0.223
64	75	0.475
64	29	0.266
64	63	0.441
64	90	0.323
64	14	0.229
64	10	0.61
64	89	0.186
64	13	0.251
64	37	0.282
64	61	0.323
64	31	0.509
64	49	0.362
64	7	0.329
64	67	0.624
64	26	0.27
64	101	0.173
64	38	0.292
64	52	0.309
64	22	0.358
64	104	0.371
64	41	0.398
64	17	0.169
64	65	0.705
64	68	0.365
64	94	0.404
64	33	0.266
64	96	0.286
64	92	0.416
64	34	0.33
64	98	0.307
64	47	0.227
64	28	0.189
64	80	0.152
64	50	0.302
64	23	0.293
64	2	0.203
64	18	0.683
64	60	0.176
64	4	0.332
30	85	0.42
30	36	0.821
30	19	0.533
30	86	0.297
30	71	0.195
30	103	0.796
30	69	0.17
30	53	0.733
30	83	0.29
30	70	0.567
30	66	0.827
30	73	0.863
30	40	0.473
30	102	0.579
30	20	0.826
30	72	0.836
30	95	0.253
30	6	0.549
30	45	0.156
30	29	0.824
30	90	0.548
30	89	0.473
30	13	0.295
30	37	0.859
30	61	0.782
30	31	0.764
30	54	0.648
30	48	0.7
30	55	0.673
30	51	0.443
30	27	0.351
30	0	0.415
30	79	0.33
30	74	0.197
30	67	0.238
30	26	0.252
30	101	0.458
30	38	0.762
30	52	0.735
30	22	0.489
30	41	0.868
30	35	0.396
30	81	0.4
30	94	0.862
30	33	0.799
30	96	0.804
30	92	0.987
30	16	0.693
30	44	0.653
30	50	0.265
30	23	0.448
30	2	0.744
30	58	0.248
30	43	0.396
30	32	0.34
30	60	0.357
30	4	0.477
30	99	0.242
30	8	0.778
30	76	0.282
30	1	0.284
30	24	0.51
30	5	0.194
30	25	0.44
30	39	0.293
30	78	0.217
30	3	0.719
30	84	0.599
30	21	0.337
30	12	0.802
30	75	0.416
30	63	0.425
30	14	0.885
30	10	0.76
30	56	0.398
30	59	0.179
30	49	0.899
30	15	0.296
30	11	0.981
30	7	0.931
30	93	0.412
30	100	0.74
30	104	0.921
30	62	0.956
30	82	0.647
30	9	0.307
30	17	0.605
30	34	0.809
30	98	0.897
30	47	0.639
30	28	0.32
30	80	0.407
30	91	0.197
30	18	0.238
30	88	0.171
30	64	0.194
14	85	0.673
14	36	0.801
14	19	0.797
14	86	0.29
14	71	0.317
14	103	0.795
14	69	0.284
14	53	0.7
14	83	0.593
14	70	0.502
14	66	0.971
14	73	0.801
14	40	0.473
14	102	0.68
14	20	0.432
14	72	0.545
14	95	0.385
14	6	0.744
14	45	0.194
14	29	0.295
14	90	0.711
14	89	0.809
14	13	0.197
14	37	0.95
14	61	0.708
14	31	0.244
14	54	0.785
14	48	0.528
14	55	0.67
14	51	0.557
14	27	0.873
14	0	0.721
14	79	0.46
14	74	0.267
14	67	0.242
14	26	0.557
14	101	0.784
14	38	0.761
14	52	0.798
14	22	0.708
14	41	0.991
14	35	0.398
14	81	0.65
14	68	0.16
14	94	0.98
14	33	0.844
14	96	0.725
14	92	0.995
14	77	0.286
14	16	0.334
14	44	0.388
14	50	0.311
14	23	0.54
14	2	0.903
14	58	0.199
14	43	0.354
14	32	0.159
14	60	0.347
14	4	0.89
14	99	0.213
14	8	0.941
14	76	0.706
14	1	0.573
14	24	0.733
14	5	0.517
14	25	0.158
14	39	0.587
14	78	0.398
14	3	0.815
14	30	0.885
14	84	0.819
14	21	0.76
14	12	0.902
14	75	0.491
14	63	0.766
14	10	0.512
14	56	0.443
14	59	0.216
14	49	0.93
14	15	0.643
14	11	0.683
14	7	0.913
14	93	0.385
14	100	0.539
14	104	0.982
14	62	0.325
14	82	0.7
14	9	0.598
14	17	0.795
14	65	0.297
14	34	0.981
14	98	0.668
14	47	0.749
14	28	0.689
14	80	0.68
14	91	0.401
14	18	0.25
14	88	0.605
14	64	0.229
22	8	0.967
22	1	0.94
22	24	0.68
22	85	0.187
22	36	0.511
22	5	0.398
22	19	0.339
22	71	0.184
22	103	0.474
22	25	0.673
22	69	0.195
22	53	0.401
22	83	0.694
22	70	0.288
22	66	0.538
22	73	0.954
22	40	0.211
22	3	0.959
22	30	0.489
22	102	0.274
22	20	0.966
22	84	0.95
22	21	0.958
22	72	0.187
22	95	0.257
22	12	0.963
22	6	0.985
22	75	0.205
22	29	0.692
22	63	0.193
22	90	0.154
22	14	0.708
22	10	0.918
22	89	0.161
22	13	0.956
22	37	0.421
22	61	0.42
22	31	0.215
22	54	0.165
22	49	0.519
22	48	0.269
22	15	0.515
22	55	0.211
22	51	0.154
22	27	0.622
22	0	0.946
22	79	0.167
22	7	0.56
22	74	0.163
22	26	0.957
22	101	0.33
22	38	0.355
22	52	0.464
22	100	0.286
22	104	0.562
22	62	0.171
22	82	0.165
22	9	0.949
22	41	0.723
22	35	0.296
22	81	0.195
22	17	0.959
22	94	0.958
22	33	0.48
22	96	0.354
22	92	0.573
22	77	0.232
22	34	0.565
22	98	0.452
22	47	0.331
22	28	0.615
22	16	0.251
22	44	0.212
22	80	0.944
22	50	0.196
22	23	0.95
22	2	0.957
22	58	0.161
22	91	0.212
22	18	0.207
22	64	0.358
22	43	0.293
22	32	0.916
22	60	0.157
22	4	0.961
32	8	0.974
32	1	0.955
32	24	0.169
32	36	0.497
32	5	0.477
32	19	0.187
32	103	0.424
32	25	0.65
32	69	0.211
32	53	0.398
32	83	0.658
32	70	0.311
32	66	0.7
32	73	0.962
32	3	0.956
32	30	0.34
32	102	0.287
32	20	0.929
32	84	0.943
32	21	0.963
32	72	0.187
32	12	0.956
32	6	0.971
32	75	0.158
32	29	0.368
32	63	0.158
32	90	0.24
32	14	0.159
32	10	0.913
32	89	0.217
32	13	0.966
32	37	0.776
32	61	0.341
32	31	0.163
32	49	0.395
32	48	0.222
32	15	0.3
32	55	0.167
32	27	0.187
32	0	0.953
32	7	0.471
32	67	0.157
32	26	0.957
32	101	0.344
32	38	0.388
32	52	0.395
32	100	0.17
32	22	0.916
32	104	0.576
32	62	0.183
32	105	0.151
32	9	0.949
32	41	0.707
32	35	0.372
32	81	0.167
32	17	0.957
32	94	0.959
32	33	0.286
32	96	0.366
32	92	0.484
32	77	0.291
32	34	0.511
32	98	0.349
32	47	0.356
32	28	0.6
32	16	0.211
32	80	0.948
32	23	0.952
32	2	0.946
32	60	0.214
32	4	0.954
0	8	0.933
0	1	0.964
0	24	0.462
0	36	0.23
0	5	0.537
0	19	0.166
0	103	0.255
0	25	0.491
0	69	0.171
0	53	0.485
0	57	0.242
0	39	0.307
0	83	0.428
0	70	0.193
0	66	0.47
0	73	0.959
0	3	0.921
0	30	0.415
0	102	0.268
0	20	0.965
0	84	0.953
0	21	0.948
0	72	0.152
0	95	0.274
0	12	0.988
0	6	0.98
0	75	0.18
0	29	0.597
0	90	0.18
0	14	0.721
0	10	0.952
0	89	0.186
0	13	0.94
0	37	0.692
0	61	0.248
0	31	0.581
0	54	0.171
0	59	0.167
0	49	0.513
0	48	0.298
0	15	0.445
0	55	0.33
0	51	0.189
0	27	0.457
0	7	0.472
0	67	0.184
0	26	0.954
0	101	0.281
0	93	0.352
0	38	0.377
0	52	0.518
0	100	0.248
0	22	0.946
0	104	0.747
0	62	0.194
0	82	0.201
0	105	0.161
0	9	0.954
0	41	0.321
0	35	0.249
0	81	0.37
0	17	0.963
0	65	0.151
0	94	0.942
0	33	0.303
0	96	0.318
0	92	0.646
0	77	0.152
0	34	0.286
0	98	0.16
0	47	0.581
0	28	0.447
0	16	0.9
0	80	0.928
0	50	0.201
0	23	0.937
0	2	0.969
0	43	0.244
0	32	0.953
0	60	0.235
0	4	0.952
77	8	0.602
77	1	0.365
77	24	0.726
77	5	0.287
77	25	0.22
77	83	0.657
77	73	0.685
77	3	0.16
77	20	0.556
77	84	0.216
77	21	0.73
77	6	0.813
77	29	0.357
77	14	0.286
77	10	0.247
77	13	0.468
77	37	0.173
77	31	0.32
77	87	0.188
77	15	0.378
77	55	0.247
77	27	0.268
77	0	0.152
77	26	0.607
77	22	0.232
77	9	0.227
77	17	0.216
77	28	0.291
77	16	0.205
77	80	0.856
77	23	0.502
77	32	0.291
77	4	0.515
103	85	0.656
103	36	0.995
103	19	0.883
103	86	0.311
103	71	0.641
103	69	0.295
103	53	0.763
103	83	0.521
103	70	0.736
103	66	0.957
103	73	0.582
103	40	0.683
103	102	0.583
103	20	0.795
103	72	0.564
103	95	0.573
103	6	0.557
103	45	0.349
103	29	0.759
103	90	0.414
103	89	0.4
103	13	0.543
103	37	0.9
103	61	0.897
103	31	0.724
103	54	0.51
103	42	0.178
103	48	0.57
103	55	0.57
103	51	0.635
103	27	0.286
103	0	0.255
103	79	0.297
103	74	0.25
103	67	0.412
103	26	0.4
103	101	0.64
103	38	0.95
103	52	0.938
103	22	0.474
103	41	0.964
103	35	0.452
103	81	0.491
103	94	0.863
103	33	0.668
103	96	0.92
103	92	0.957
103	16	0.592
103	44	0.407
103	50	0.44
103	23	0.537
103	2	0.537
103	58	0.431
103	43	0.311
103	32	0.424
103	60	0.429
103	4	0.536
103	99	0.293
103	8	0.788
103	76	0.347
103	1	0.269
103	24	0.589
103	5	0.161
103	25	0.409
103	39	0.687
103	78	0.161
103	3	0.481
103	30	0.796
103	84	0.558
103	21	0.551
103	12	0.698
103	75	0.575
103	63	0.473
103	14	0.795
103	10	0.733
103	56	0.309
103	59	0.379
103	49	0.982
103	15	0.414
103	11	0.571
103	7	0.994
103	93	0.537
103	100	0.682
103	104	0.959
103	62	0.47
103	82	0.45
103	9	0.354
103	17	0.563
103	65	0.657
103	34	0.936
103	98	0.989
103	47	0.87
103	28	0.336
103	80	0.313
103	91	0.21
103	18	0.745
103	88	0.186
103	64	0.396
72	85	0.4
72	36	0.566
72	19	0.354
72	86	0.291
72	71	0.243
72	103	0.564
72	53	0.441
72	83	0.265
72	70	0.211
72	66	0.591
72	73	0.729
72	40	0.199
72	102	0.186
72	20	0.511
72	6	0.229
72	29	0.475
72	90	0.446
72	89	0.453
72	13	0.282
72	37	0.45
72	61	0.557
72	31	0.475
72	54	0.662
72	48	0.709
72	55	0.702
72	51	0.186
72	0	0.152
72	79	0.427
72	74	0.228
72	26	0.284
72	101	0.444
72	38	0.557
72	52	0.441
72	22	0.187
72	41	0.652
72	35	0.298
72	81	0.323
72	94	0.559
72	33	0.683
72	96	0.714
72	92	0.548
72	16	0.42
72	50	0.191
72	23	0.39
72	2	0.275
72	32	0.187
72	4	0.311
72	8	0.412
72	76	0.161
72	1	0.198
72	24	0.347
72	25	0.19
72	78	0.309
72	3	0.358
72	30	0.836
72	84	0.252
72	21	0.222
72	12	0.43
72	75	0.227
72	63	0.33
72	14	0.545
72	10	0.349
72	56	0.489
72	49	0.422
72	15	0.159
72	11	0.984
72	7	0.871
72	100	0.189
72	104	0.768
72	62	0.893
72	82	0.684
72	9	0.152
72	17	0.246
72	34	0.706
72	98	0.92
72	47	0.406
72	28	0.163
72	80	0.398
72	91	0.204
72	88	0.224
52	85	0.815
52	36	0.904
52	19	0.703
52	86	0.407
52	71	0.418
52	103	0.938
52	69	0.326
52	53	0.731
52	57	0.278
52	83	0.497
52	70	0.796
52	66	0.975
52	73	0.511
52	40	0.629
52	102	0.62
52	20	0.771
52	72	0.441
52	95	0.559
52	6	0.92
52	45	0.376
52	29	0.685
52	90	0.423
52	89	0.51
52	13	0.398
52	37	0.902
52	61	0.641
52	31	0.769
52	54	0.475
52	48	0.452
52	55	0.706
52	51	0.801
52	27	0.163
52	0	0.518
52	79	0.265
52	74	0.292
52	67	0.324
52	26	0.216
52	101	0.629
52	38	0.816
52	22	0.464
52	41	0.921
52	35	0.299
52	81	0.48
52	68	0.222
52	94	0.887
52	33	0.716
52	96	0.738
52	92	0.946
52	16	0.55
52	44	0.244
52	50	0.37
52	23	0.355
52	2	0.581
52	58	0.541
52	43	0.284
52	32	0.395
52	60	0.423
52	4	0.504
52	99	0.51
52	8	0.902
52	76	0.297
52	1	0.399
52	24	0.561
52	5	0.192
52	25	0.374
52	39	0.756
52	97	0.175
52	78	0.185
52	3	0.613
52	30	0.735
52	84	0.726
52	21	0.456
52	12	0.666
52	75	0.536
52	63	0.474
52	14	0.798
52	10	0.777
52	56	0.248
52	59	0.44
52	49	0.896
52	15	0.313
52	11	0.473
52	7	0.815
52	93	0.446
52	100	0.616
52	104	0.939
52	62	0.282
52	82	0.473
52	9	0.532
52	17	0.628
52	65	0.397
52	34	0.813
52	98	0.806
52	47	0.87
52	28	0.39
52	80	0.351
52	91	0.189
52	18	0.361
52	88	0.187
52	64	0.309
93	41	0.946
93	8	0.306
93	17	0.188
93	49	0.53
93	48	0.161
93	1	0.226
93	70	0.355
93	66	0.608
93	94	0.465
93	96	0.345
93	40	0.21
93	11	0.189
93	92	0.966
93	3	0.348
93	30	0.412
93	34	0.945
93	51	0.179
93	98	0.285
93	20	0.444
93	84	0.18
93	47	0.462
93	0	0.352
93	36	0.479
93	28	0.243
93	16	0.24
93	7	0.495
93	67	0.184
93	12	0.415
93	19	0.208
93	2	0.39
93	45	0.239
93	103	0.537
93	38	0.442
93	52	0.446
93	58	0.996
93	29	0.351
93	100	0.264
93	25	0.174
93	14	0.385
93	10	0.23
93	53	0.222
93	104	0.555
93	39	0.242
93	83	0.151
93	56	0.26
93	37	0.928
93	61	0.26
93	31	0.188
41	85	0.7
41	36	0.957
41	19	0.914
41	86	0.286
41	71	0.676
41	103	0.964
41	69	0.248
41	53	0.972
41	83	0.444
41	70	0.715
41	66	0.992
41	73	0.588
41	40	0.709
41	102	0.641
41	20	0.811
41	72	0.652
41	95	0.449
41	6	0.575
41	45	0.412
41	29	0.946
41	90	0.495
41	89	0.473
41	13	0.556
41	37	0.991
41	61	0.918
41	31	0.747
41	54	0.695
41	42	0.177
41	48	0.648
41	55	0.591
41	51	0.583
41	27	0.593
41	0	0.321
41	79	0.294
41	74	0.29
41	67	0.354
41	26	0.422
41	101	0.881
41	38	0.902
41	52	0.921
41	22	0.723
41	35	0.642
41	81	0.511
41	68	0.218
41	94	0.992
41	33	0.752
41	96	0.86
41	92	0.972
41	16	0.657
41	44	0.569
41	50	0.444
41	23	0.549
41	2	0.607
41	58	0.95
41	43	0.42
41	32	0.707
41	60	0.729
41	4	0.582
41	99	0.269
41	8	0.799
41	76	0.538
41	1	0.331
41	24	0.98
41	5	0.235
41	25	0.669
41	39	0.742
41	78	0.185
41	3	0.575
41	30	0.868
41	84	0.76
41	21	0.56
41	12	0.704
41	75	0.668
41	63	0.736
41	14	0.991
41	10	0.745
41	56	0.296
41	59	0.39
41	49	0.951
41	15	0.784
41	11	0.491
41	7	0.921
41	93	0.946
41	100	0.712
41	104	0.996
41	62	0.441
41	82	0.524
41	9	0.456
41	17	0.63
41	65	0.416
41	34	0.971
41	98	0.84
41	47	0.986
41	28	0.751
41	80	0.445
41	91	0.358
41	18	0.473
41	88	0.19
41	64	0.398
36	85	0.441
36	19	0.67
36	86	0.223
36	71	0.592
36	103	0.995
36	69	0.205
36	53	0.659
36	83	0.404
36	70	0.683
36	66	0.874
36	73	0.476
36	40	0.67
36	102	0.474
36	20	0.826
36	72	0.566
36	95	0.282
36	6	0.519
36	45	0.245
36	29	0.912
36	90	0.398
36	89	0.315
36	13	0.422
36	37	0.732
36	61	0.935
36	31	0.727
36	54	0.374
36	48	0.559
36	55	0.53
36	51	0.441
36	27	0.294
36	0	0.23
36	79	0.185
36	74	0.22
36	67	0.347
36	26	0.354
36	101	0.832
36	38	0.805
36	52	0.904
36	22	0.511
36	41	0.957
36	35	0.63
36	81	0.4
36	94	0.838
36	33	0.602
36	96	0.835
36	92	0.922
36	16	0.672
36	44	0.594
36	50	0.358
36	23	0.653
36	2	0.573
36	58	0.344
36	43	0.412
36	32	0.497
36	60	0.422
36	4	0.511
36	99	0.187
36	8	0.787
36	76	0.388
36	1	0.239
36	24	0.668
36	5	0.189
36	25	0.673
36	39	0.699
36	78	0.185
36	3	0.518
36	30	0.821
36	84	0.56
36	21	0.43
36	12	0.701
36	75	0.519
36	63	0.311
36	14	0.801
36	10	0.723
36	56	0.21
36	59	0.329
36	49	0.899
36	15	0.669
36	11	0.473
36	7	0.989
36	93	0.479
36	100	0.678
36	104	0.893
36	62	0.426
36	82	0.42
36	9	0.243
36	17	0.549
36	65	0.204
36	34	0.932
36	98	0.987
36	47	0.725
36	28	0.426
36	80	0.265
36	91	0.181
36	18	0.267
36	88	0.169
36	64	0.347
74	85	0.906
74	36	0.22
74	86	0.549
74	71	0.161
74	103	0.25
74	53	0.349
74	70	0.258
74	66	0.382
74	73	0.32
74	102	0.211
74	20	0.244
74	72	0.228
74	29	0.206
74	89	0.313
74	13	0.205
74	37	0.448
74	61	0.25
74	54	0.922
74	48	0.282
74	55	0.733
74	27	0.187
74	79	0.931
74	26	0.155
74	38	0.229
74	52	0.292
74	22	0.163
74	41	0.29
74	94	0.296
74	33	0.218
74	96	0.198
74	92	0.349
74	16	0.197
74	60	0.184
74	4	0.173
74	8	0.169
74	1	0.909
74	5	0.176
74	25	0.175
74	78	0.398
74	3	0.226
74	30	0.197
74	84	0.172
74	21	0.193
74	12	0.221
74	63	0.195
74	14	0.267
74	10	0.15
74	56	0.365
74	49	0.222
74	7	0.286
74	100	0.232
74	104	0.429
74	82	0.222
74	17	0.234
74	34	0.268
74	98	0.161
74	47	0.187
74	80	0.907
43	8	0.267
43	24	0.25
43	36	0.412
43	5	0.268
43	19	0.159
43	103	0.311
43	25	0.165
43	69	0.161
43	53	0.267
43	57	0.216
43	66	0.443
43	73	0.157
43	40	0.359
43	3	0.446
43	30	0.396
43	102	0.188
43	20	0.216
43	84	0.207
43	95	0.194
43	12	0.491
43	6	0.211
43	75	0.236
43	29	0.539
43	14	0.354
43	10	0.188
43	37	0.343
43	61	0.313
43	31	0.185
43	59	0.263
43	49	0.26
43	48	0.248
43	15	0.224
43	51	0.153
43	27	0.173
43	0	0.244
43	7	0.313
43	26	0.267
43	101	0.349
43	38	0.267
43	52	0.284
43	100	0.255
43	22	0.293
43	104	0.517
43	41	0.42
43	35	0.251
43	17	0.538
43	94	0.473
43	96	0.222
43	92	0.4
43	34	0.632
43	98	0.184
43	47	0.307
43	28	0.163
43	16	0.298
43	44	0.309
43	50	0.372
43	23	0.218
43	2	0.446
43	91	0.294
43	60	0.327
43	4	0.255
65	8	0.325
65	24	0.247
65	36	0.204
65	19	0.656
65	71	0.767
65	103	0.657
65	69	0.47
65	53	0.364
65	39	0.248
65	70	0.28
65	66	0.633
65	73	0.159
65	102	0.164
65	20	0.312
65	84	0.182
65	21	0.212
65	12	0.239
65	6	0.171
65	75	0.384
65	63	0.398
65	14	0.297
65	10	0.317
65	13	0.236
65	37	0.236
65	61	0.319
65	31	0.284
65	49	0.295
65	51	0.15
65	0	0.151
65	7	0.484
65	67	0.463
65	38	0.651
65	52	0.397
65	104	0.448
65	9	0.235
65	41	0.416
65	17	0.196
65	68	0.275
65	94	0.279
65	33	0.24
65	96	0.42
65	92	0.459
65	34	0.27
65	98	0.188
65	47	0.317
65	16	0.23
65	50	0.188
65	2	0.269
65	18	0.773
65	88	0.151
65	64	0.705
65	4	0.159
18	8	0.267
18	24	0.241
18	36	0.267
18	19	0.832
18	71	0.731
18	103	0.745
18	69	0.414
18	39	0.195
18	70	0.449
18	66	0.594
18	73	0.165
18	40	0.169
18	30	0.238
18	20	0.298
18	21	0.283
18	12	0.245
18	6	0.18
18	75	0.491
18	63	0.327
18	14	0.25
18	10	0.191
18	13	0.25
18	37	0.217
18	61	0.206
18	31	0.226
18	49	0.429
18	7	0.457
18	67	0.355
18	38	0.489
18	52	0.361
18	100	0.256
18	22	0.207
18	104	0.483
18	41	0.473
18	17	0.168
18	65	0.773
18	68	0.242
18	94	0.25
18	33	0.169
18	96	0.4
18	92	0.51
18	34	0.327
18	98	0.155
18	47	0.286
18	50	0.152
18	64	0.683
18	60	0.166
18	4	0.161
82	85	0.398
82	36	0.42
82	19	0.152
82	86	0.251
82	103	0.45
82	69	0.167
82	53	0.466
82	83	0.188
82	70	0.349
82	66	0.608
82	73	0.455
82	40	0.342
82	102	0.242
82	20	0.44
82	72	0.684
82	45	0.212
82	29	0.374
82	90	0.837
82	89	0.347
82	37	0.703
82	61	0.41
82	31	0.33
82	54	0.581
82	48	0.797
82	55	0.786
82	51	0.218
82	0	0.201
82	79	0.24
82	74	0.222
82	67	0.204
82	101	0.183
82	38	0.482
82	52	0.473
82	22	0.165
82	41	0.524
82	35	0.482
82	81	0.349
82	94	0.577
82	33	0.508
82	96	0.498
82	92	0.952
82	16	0.375
82	50	0.187
82	23	0.245
82	2	0.32
82	60	0.177
82	8	0.425
82	76	0.211
82	24	0.209
82	39	0.342
82	78	0.242
82	3	0.328
82	30	0.647
82	84	0.222
82	21	0.163
82	12	0.489
82	63	0.284
82	14	0.7
82	10	0.308
82	56	0.4
82	49	0.426
82	11	0.483
82	7	0.606
82	100	0.229
82	104	0.801
82	62	0.473
82	17	0.308
82	34	0.42
82	98	0.571
82	47	0.396
82	88	0.206
11	85	0.311
11	36	0.473
11	19	0.159
11	86	0.288
11	103	0.571
11	53	0.343
11	66	0.63
11	73	0.552
11	40	0.163
11	102	0.25
11	20	0.286
11	72	0.984
11	95	0.179
11	90	0.398
11	89	0.35
11	37	0.675
11	61	0.398
11	31	0.25
11	54	0.487
11	48	0.59
11	55	0.602
11	51	0.256
11	79	0.325
11	38	0.357
11	52	0.473
11	41	0.491
11	81	0.25
11	94	0.475
11	33	0.508
11	96	0.496
11	92	0.706
11	58	0.22
11	60	0.167
11	99	0.398
11	8	0.241
11	1	0.225
11	39	0.246
11	78	0.186
11	30	0.981
11	84	0.17
11	12	0.209
11	63	0.507
11	14	0.683
11	10	0.165
11	56	0.295
11	49	0.294
11	7	0.791
11	93	0.189
11	100	0.218
11	104	0.833
11	62	0.966
11	82	0.483
11	17	0.222
11	34	0.307
11	98	0.915
11	47	0.329
11	80	0.382
11	88	0.524
88	36	0.169
88	86	0.167
88	103	0.186
88	53	0.256
88	66	0.617
88	73	0.246
88	102	0.237
88	20	0.189
88	72	0.224
88	90	0.16
88	89	0.417
88	37	0.298
88	31	0.171
88	54	0.211
88	48	0.246
88	55	0.282
88	51	0.23
88	101	0.265
88	38	0.164
88	52	0.187
88	41	0.19
88	81	0.267
88	94	0.665
88	33	0.229
88	92	0.293
88	16	0.16
88	2	0.281
88	8	0.241
88	76	0.171
88	5	0.161
88	78	0.2
88	3	0.242
88	30	0.171
88	84	0.579
88	12	0.332
88	63	0.187
88	14	0.605
88	10	0.169
88	56	0.205
88	49	0.163
88	11	0.524
88	7	0.226
88	104	0.719
88	82	0.206
88	9	0.186
88	17	0.604
88	65	0.151
88	34	0.475
88	47	0.167
88	80	0.152
102	85	0.498
102	36	0.474
102	19	0.391
102	86	0.225
102	71	0.189
102	103	0.583
102	69	0.159
102	53	0.988
102	57	0.616
102	70	0.461
102	66	0.787
102	73	0.311
102	40	0.297
102	20	0.59
102	72	0.186
102	95	0.156
102	6	0.389
102	45	0.327
102	29	0.457
102	90	0.369
102	89	0.304
102	13	0.202
102	37	0.957
102	61	0.416
102	31	0.63
102	54	0.377
102	48	0.317
102	55	0.359
102	51	0.47
102	27	0.17
102	0	0.268
102	79	0.23
102	74	0.211
102	67	0.233
102	26	0.164
102	101	0.51
102	38	0.508
102	52	0.62
102	22	0.274
102	41	0.641
102	81	0.347
102	68	0.248
102	94	0.875
102	33	0.419
102	96	0.443
102	92	0.974
102	16	0.5
102	44	0.186
102	50	0.301
102	23	0.197
102	2	0.551
102	58	0.174
102	43	0.188
102	32	0.287
102	60	0.298
102	4	0.307
102	8	0.65
102	76	0.427
102	1	0.322
102	24	0.372
102	5	0.298
102	25	0.296
102	39	0.459
102	3	0.469
102	30	0.579
102	84	0.309
102	21	0.24
102	12	0.619
102	75	0.343
102	63	0.355
102	14	0.68
102	10	0.616
102	59	0.203
102	49	0.639
102	15	0.167
102	11	0.25
102	7	0.576
102	100	0.366
102	104	0.824
102	82	0.242
102	9	0.339
102	17	0.54
102	65	0.164
102	34	0.543
102	98	0.347
102	47	0.697
102	28	0.388
102	80	0.3
102	88	0.237
102	64	0.209
13	85	0.185
13	36	0.422
13	19	0.531
13	71	0.32
13	103	0.543
13	69	0.368
13	53	0.201
13	83	0.648
13	70	0.356
13	66	0.575
13	73	0.983
13	40	0.23
13	102	0.202
13	20	0.972
13	72	0.282
13	6	0.968
13	29	0.309
13	90	0.484
13	89	0.266
13	37	0.373
13	61	0.296
13	31	0.182
13	54	0.26
13	48	0.186
13	55	0.296
13	51	0.185
13	27	0.526
13	0	0.94
13	74	0.205
13	26	0.971
13	101	0.384
13	38	0.46
13	52	0.398
13	22	0.956
13	41	0.556
13	35	0.167
13	81	0.194
13	68	0.195
13	94	0.957
13	33	0.248
13	96	0.57
13	92	0.57
13	77	0.468
13	16	0.151
13	23	0.955
13	2	0.96
13	32	0.966
13	60	0.191
13	4	0.991
13	8	0.974
13	1	0.95
13	24	0.688
13	5	0.595
13	25	0.784
13	39	0.204
13	3	0.95
13	30	0.295
13	84	0.955
13	21	0.959
13	12	0.954
13	75	0.544
13	63	0.4
13	14	0.197
13	10	0.912
13	56	0.169
13	59	0.167
13	49	0.53
13	15	0.576
13	7	0.557
13	100	0.212
13	104	0.567
13	62	0.311
13	9	0.954
13	17	0.917
13	65	0.236
13	34	0.441
13	98	0.267
13	47	0.421
13	28	0.645
13	80	0.954
13	91	0.154
13	18	0.25
13	64	0.251
23	8	0.955
23	1	0.932
23	24	0.588
23	85	0.185
23	36	0.653
23	5	0.429
23	19	0.198
23	86	0.219
23	71	0.282
23	103	0.537
23	25	0.548
23	69	0.161
23	53	0.246
23	83	0.477
23	70	0.297
23	66	0.491
23	73	0.951
23	40	0.497
23	3	0.942
23	30	0.448
23	102	0.197
23	20	0.977
23	84	0.937
23	21	0.953
23	72	0.39
23	12	0.953
23	6	0.945
23	75	0.169
23	29	0.678
23	63	0.187
23	14	0.54
23	10	0.945
23	89	0.171
23	13	0.955
23	37	0.33
23	61	0.585
23	31	0.51
23	54	0.297
23	59	0.158
23	49	0.669
23	48	0.165
23	15	0.535
23	55	0.242
23	27	0.513
23	0	0.937
23	79	0.171
23	7	0.532
23	67	0.272
23	26	0.976
23	101	0.671
23	38	0.556
23	52	0.355
23	100	0.418
23	22	0.95
23	104	0.511
23	62	0.386
23	82	0.245
23	9	0.951
23	41	0.549
23	35	0.349
23	81	0.307
23	17	0.961
23	68	0.161
23	94	0.95
23	33	0.398
23	96	0.591
23	92	0.513
23	77	0.502
23	34	0.669
23	98	0.45
23	47	0.541
23	28	0.473
23	16	0.582
23	44	0.309
23	80	0.931
23	50	0.185
23	2	0.939
23	64	0.293
23	43	0.218
23	32	0.952
23	60	0.171
23	4	0.949
53	85	0.586
53	36	0.659
53	19	0.398
53	86	0.505
53	71	0.221
53	103	0.763
53	69	0.213
53	57	0.46
53	83	0.254
53	70	0.748
53	66	0.944
53	73	0.386
53	40	0.211
53	102	0.988
53	20	0.676
53	72	0.441
53	95	0.674
53	6	0.483
53	29	0.56
53	90	0.447
53	89	0.308
53	13	0.201
53	37	0.997
53	61	0.517
53	31	0.705
53	54	0.372
53	48	0.541
53	55	0.541
53	51	0.579
53	27	0.333
53	0	0.485
53	79	0.309
53	74	0.349
53	67	0.286
53	26	0.231
53	101	0.459
53	38	0.569
53	52	0.731
53	22	0.401
53	41	0.972
53	35	0.169
53	81	0.284
53	68	0.187
53	94	0.895
53	33	0.606
53	96	0.582
53	92	0.973
53	16	0.601
53	50	0.396
53	23	0.246
53	2	0.681
53	43	0.267
53	32	0.398
53	60	0.305
53	4	0.329
53	8	0.67
53	76	0.193
53	1	0.253
53	24	0.421
53	5	0.226
53	25	0.36
53	39	0.323
53	78	0.33
53	3	0.582
53	30	0.733
53	84	0.4
53	21	0.286
53	12	0.744
53	75	0.235
53	63	0.422
53	14	0.7
53	10	0.719
53	56	0.374
53	59	0.167
53	49	0.743
53	15	0.292
53	11	0.343
53	7	0.868
53	93	0.222
53	100	0.311
53	104	0.946
53	62	0.256
53	82	0.466
53	9	0.299
53	17	0.721
53	65	0.364
53	34	0.961
53	98	0.674
53	47	0.966
53	28	0.309
53	80	0.212
53	91	0.177
53	88	0.256
53	64	0.229
37	85	0.736
37	36	0.732
37	19	0.568
37	86	0.455
37	71	0.228
37	103	0.9
37	69	0.238
37	53	0.997
37	57	0.238
37	83	0.316
37	70	0.853
37	66	0.989
37	73	0.536
37	40	0.473
37	102	0.957
37	20	0.88
37	72	0.45
37	95	0.655
37	6	0.57
37	45	0.337
37	29	0.7
37	90	0.795
37	89	0.714
37	13	0.373
37	61	0.581
37	31	0.945
37	54	0.518
37	48	0.571
37	55	0.815
37	51	0.691
37	27	0.324
37	0	0.692
37	79	0.398
37	74	0.448
37	67	0.359
37	26	0.249
37	101	0.81
37	38	0.799
37	52	0.902
37	22	0.421
37	105	0.187
37	41	0.991
37	35	0.296
37	81	0.533
37	68	0.233
37	94	0.992
37	33	0.796
37	96	0.67
37	92	0.996
37	77	0.173
37	16	0.643
37	44	0.25
37	50	0.406
37	23	0.33
37	2	0.906
37	58	0.939
37	43	0.343
37	32	0.776
37	60	0.414
37	4	0.494
37	99	0.208
37	8	0.876
37	76	0.533
37	1	0.576
37	24	0.508
37	5	0.284
37	25	0.454
37	39	0.695
37	78	0.315
37	3	0.865
37	30	0.859
37	84	0.577
37	21	0.424
37	12	0.953
37	75	0.385
37	63	0.821
37	14	0.95
37	10	0.936
37	56	0.356
37	59	0.266
37	49	0.911
37	15	0.297
37	11	0.675
37	7	0.891
37	93	0.928
37	100	0.542
37	104	0.984
37	62	0.295
37	82	0.703
37	9	0.396
37	17	0.913
37	65	0.236
37	34	0.972
37	98	0.669
37	47	0.992
37	28	0.446
37	80	0.428
37	91	0.536
37	18	0.217
37	88	0.298
37	64	0.282
96	85	0.294
96	36	0.835
96	19	0.663
96	86	0.212
96	71	0.51
96	103	0.92
96	69	0.225
96	53	0.582
96	83	0.324
96	70	0.54
96	66	0.752
96	73	0.62
96	40	0.56
96	102	0.443
96	20	0.754
96	72	0.714
96	95	0.181
96	6	0.434
96	45	0.159
96	29	0.764
96	90	0.446
96	89	0.297
96	13	0.57
96	37	0.67
96	61	0.85
96	31	0.694
96	54	0.941
96	42	0.152
96	48	0.649
96	55	0.551
96	51	0.313
96	27	0.3
96	0	0.318
96	79	0.238
96	74	0.198
96	67	0.3
96	26	0.444
96	101	0.591
96	38	0.922
96	52	0.738
96	22	0.354
96	41	0.86
96	35	0.428
96	81	0.309
96	68	0.183
96	94	0.764
96	33	0.609
96	92	0.809
96	16	0.602
96	44	0.311
96	50	0.331
96	23	0.591
96	2	0.47
96	43	0.222
96	32	0.366
96	60	0.41
96	4	0.58
96	8	0.745
96	76	0.266
96	1	0.393
96	24	0.549
96	5	0.186
96	25	0.423
96	39	0.567
96	3	0.499
96	30	0.804
96	84	0.54
96	21	0.603
96	12	0.63
96	75	0.563
96	63	0.559
96	14	0.725
96	10	0.72
96	56	0.242
96	59	0.236
96	49	0.873
96	15	0.398
96	11	0.496
96	7	0.895
96	93	0.345
96	100	0.484
96	104	0.882
96	62	0.555
96	82	0.498
96	9	0.212
96	17	0.493
96	65	0.42
96	34	0.81
96	98	0.79
96	47	0.672
96	28	0.414
96	80	0.239
96	91	0.244
96	18	0.4
96	64	0.286
87	24	0.386
87	69	0.439
87	57	0.165
87	84	0.386
87	45	0.317
87	29	0.185
87	27	0.165
87	105	0.167
87	9	0.163
87	77	0.188
39	8	0.542
39	76	0.35
39	24	0.232
39	85	0.304
39	36	0.699
39	19	0.592
39	71	0.158
39	103	0.687
39	25	0.175
39	53	0.323
39	83	0.175
39	70	0.457
39	66	0.75
39	73	0.254
39	40	0.392
39	3	0.324
39	30	0.293
39	102	0.459
39	20	0.612
39	84	0.391
39	95	0.532
39	12	0.174
39	6	0.224
39	75	0.368
39	29	0.42
39	63	0.539
39	90	0.358
39	14	0.587
39	10	0.333
39	89	0.232
39	13	0.204
39	37	0.695
39	61	0.681
39	31	0.385
39	54	0.359
39	49	0.835
39	11	0.246
39	55	0.42
39	0	0.307
39	7	0.562
39	26	0.204
39	101	0.455
39	93	0.242
39	38	0.623
39	52	0.756
39	100	0.559
39	104	0.865
39	62	0.226
39	82	0.342
39	41	0.742
39	35	0.214
39	17	0.359
39	65	0.248
39	94	0.667
39	33	0.407
39	96	0.567
39	92	0.788
39	34	0.732
39	98	0.294
39	47	0.686
39	16	0.551
39	44	0.275
39	2	0.155
39	58	0.325
39	18	0.195
39	60	0.194
39	4	0.513
55	85	0.765
55	36	0.53
55	19	0.347
55	70	0.296
55	66	0.692
55	102	0.359
55	20	0.6
55	72	0.702
55	90	0.74
55	89	0.768
55	13	0.296
55	37	0.815
55	61	0.53
55	31	0.702
55	54	0.904
55	51	0.25
55	79	0.684
55	52	0.706
55	81	0.384
55	68	0.227
55	33	0.527
55	96	0.551
55	92	0.659
55	77	0.247
55	16	0.477
55	44	0.426
55	23	0.242
55	2	0.403
55	32	0.167
55	4	0.525
55	8	0.582
55	1	0.36
55	30	0.673
55	21	0.163
55	12	0.616
55	75	0.213
55	14	0.67
55	10	0.473
55	56	0.981
55	17	0.258
55	98	0.558
55	47	0.445
55	28	0.19
55	86	0.647
55	103	0.57
55	53	0.541
55	73	0.85
55	95	0.317
55	6	0.347
55	29	0.589
55	48	0.495
55	0	0.33
55	74	0.733
55	101	0.29
55	38	0.543
55	22	0.211
55	41	0.591
55	94	0.745
55	50	0.165
55	76	0.242
55	24	0.398
55	5	0.267
55	25	0.185
55	39	0.42
55	78	0.671
55	3	0.522
55	84	0.5
55	63	0.698
55	49	0.557
55	15	0.185
55	11	0.602
55	7	0.675
55	100	0.165
55	104	0.857
55	62	0.445
55	82	0.786
55	9	0.225
55	34	0.56
55	80	0.823
55	91	0.159
55	88	0.282
48	8	0.446
48	76	0.167
48	24	0.309
48	85	0.347
48	36	0.559
48	5	0.193
48	19	0.33
48	86	0.214
48	103	0.57
48	25	0.337
48	69	0.169
48	53	0.541
48	83	0.303
48	78	0.24
48	70	0.171
48	66	0.777
48	73	0.491
48	40	0.445
48	3	0.45
48	30	0.7
48	102	0.317
48	20	0.535
48	84	0.311
48	21	0.256
48	72	0.709
48	95	0.317
48	12	0.502
48	6	0.297
48	45	0.42
48	75	0.29
48	29	0.452
48	63	0.669
48	90	0.807
48	14	0.528
48	10	0.335
48	89	0.448
48	56	0.311
48	13	0.186
48	37	0.571
48	61	0.571
48	31	0.422
48	54	0.461
48	59	0.282
48	49	0.63
48	15	0.171
48	11	0.59
48	55	0.495
48	51	0.242
48	27	0.244
48	0	0.298
48	79	0.246
48	7	0.672
48	74	0.282
48	101	0.416
48	93	0.161
48	38	0.593
48	52	0.452
48	100	0.619
48	22	0.269
48	104	0.887
48	62	0.731
48	82	0.797
48	41	0.648
48	35	0.578
48	81	0.25
48	17	0.376
48	68	0.217
48	94	0.674
48	33	0.57
48	96	0.649
48	92	0.671
48	34	0.588
48	98	0.733
48	47	0.543
48	28	0.25
48	16	0.426
48	44	0.154
48	80	0.33
48	50	0.442
48	23	0.165
48	2	0.41
48	91	0.292
48	88	0.246
48	43	0.248
48	32	0.222
48	60	0.497
48	4	0.266
105	5	0.156
105	66	0.167
105	40	0.247
105	3	0.161
105	21	0.169
105	37	0.187
105	54	0.185
105	87	0.167
105	0	0.161
105	104	0.163
105	81	0.224
105	94	0.208
105	32	0.151
61	8	0.709
61	76	0.228
61	24	0.552
61	85	0.244
61	36	0.935
61	5	0.159
61	19	0.693
61	86	0.226
61	71	0.51
61	103	0.897
61	25	0.44
61	69	0.236
61	53	0.517
61	57	0.154
61	39	0.681
61	83	0.323
61	70	0.465
61	66	0.714
61	73	0.39
61	40	0.687
61	3	0.441
61	30	0.782
61	102	0.416
61	20	0.773
61	84	0.52
61	21	0.313
61	72	0.557
61	95	0.186
61	12	0.642
61	6	0.398
61	45	0.165
61	75	0.27
61	29	0.891
61	63	0.28
61	90	0.309
61	14	0.708
61	10	0.693
61	89	0.189
61	56	0.171
61	13	0.296
61	37	0.581
61	31	0.689
61	54	0.25
61	59	0.327
61	49	0.91
61	48	0.571
61	15	0.377
61	11	0.398
61	55	0.53
61	51	0.28
61	27	0.227
61	0	0.248
61	79	0.237
61	7	0.8
61	74	0.25
61	67	0.355
61	26	0.334
61	101	0.709
61	93	0.26
61	38	0.855
61	52	0.641
61	100	0.672
61	22	0.42
61	104	0.767
61	62	0.416
61	82	0.41
61	9	0.224
61	41	0.918
61	35	0.588
61	81	0.286
61	17	0.591
61	65	0.319
61	94	0.705
61	33	0.557
61	96	0.85
61	92	0.817
61	34	0.894
61	98	0.797
61	47	0.646
61	28	0.309
61	16	0.592
61	44	0.473
61	80	0.223
61	50	0.432
61	23	0.585
61	2	0.457
61	91	0.163
61	18	0.206
61	64	0.323
61	43	0.313
61	32	0.341
61	60	0.484
61	4	0.325
57	8	0.162
57	5	0.189
57	71	0.174
57	25	0.167
57	69	0.174
57	53	0.46
57	66	0.185
57	102	0.616
57	20	0.169
57	95	0.178
57	12	0.158
57	75	0.163
57	63	0.251
57	37	0.238
57	61	0.154
57	59	0.426
57	49	0.157
57	87	0.165
57	51	0.187
57	0	0.242
57	7	0.153
57	67	0.181
57	38	0.193
57	52	0.278
57	104	0.295
57	17	0.187
57	68	0.297
57	92	0.248
57	47	0.267
57	50	0.328
57	2	0.179
57	64	0.178
57	43	0.216
57	60	0.419
57	4	0.165
57	99	0.354
47	85	0.433
47	36	0.725
47	19	0.625
47	86	0.166
47	71	0.637
47	103	0.87
47	69	0.225
47	53	0.966
47	57	0.267
47	83	0.404
47	70	0.429
47	66	0.903
47	73	0.51
47	40	0.726
47	102	0.697
47	20	0.717
47	72	0.406
47	95	0.6
47	6	0.529
47	45	0.252
47	29	0.636
47	90	0.311
47	89	0.676
47	13	0.421
47	37	0.992
47	61	0.646
47	31	0.694
47	54	0.398
47	42	0.171
47	48	0.543
47	55	0.445
47	51	0.53
47	27	0.287
47	0	0.581
47	79	0.221
47	74	0.187
47	67	0.47
47	26	0.267
47	101	0.871
47	38	0.9
47	52	0.87
47	22	0.331
47	41	0.986
47	35	0.422
47	81	0.537
47	68	0.282
47	94	0.84
47	33	0.569
47	96	0.672
47	92	0.991
47	16	0.58
47	44	0.297
47	50	0.347
47	23	0.541
47	2	0.676
47	58	0.364
47	43	0.307
47	32	0.356
47	60	0.42
47	4	0.451
47	99	0.325
47	8	0.719
47	76	0.474
47	1	0.346
47	24	0.491
47	5	0.211
47	25	0.371
47	39	0.686
47	78	0.163
47	3	0.645
47	30	0.639
47	84	0.548
47	21	0.449
47	12	0.758
47	75	0.482
47	63	0.473
47	14	0.749
47	10	0.66
47	56	0.229
47	59	0.373
47	49	0.808
47	15	0.292
47	11	0.329
47	7	0.747
47	93	0.462
47	100	0.538
47	104	0.872
47	62	0.275
47	82	0.396
47	9	0.647
47	17	0.561
47	65	0.317
47	34	0.974
47	98	0.556
47	28	0.384
47	80	0.335
47	91	0.226
47	18	0.286
47	88	0.167
47	64	0.227
71	8	0.332
71	24	0.485
71	36	0.592
71	19	0.706
71	103	0.641
71	25	0.29
71	69	0.367
71	53	0.221
71	57	0.174
71	39	0.158
71	83	0.171
71	70	0.313
71	66	0.615
71	73	0.237
71	40	0.267
71	30	0.195
71	102	0.189
71	20	0.403
71	84	0.15
71	21	0.347
71	72	0.243
71	12	0.212
71	6	0.223
71	75	0.476
71	29	0.297
71	63	0.43
71	14	0.317
71	10	0.258
71	13	0.32
71	37	0.228
71	61	0.51
71	31	0.301
71	59	0.163
71	49	0.547
71	15	0.161
71	51	0.176
71	7	0.556
71	74	0.161
71	67	0.696
71	26	0.16
71	101	0.733
71	38	0.49
71	52	0.418
71	100	0.248
71	22	0.184
71	104	0.554
71	41	0.676
71	35	0.187
71	17	0.311
71	65	0.767
71	68	0.27
71	94	0.398
71	33	0.25
71	96	0.51
71	92	0.925
71	34	0.64
71	98	0.325
71	47	0.637
71	16	0.161
71	44	0.297
71	23	0.282
71	2	0.171
71	18	0.731
71	64	0.708
71	60	0.214
71	4	0.325
4	8	0.972
4	1	0.941
4	24	0.64
4	85	0.186
4	36	0.511
4	5	0.568
4	19	0.576
4	71	0.325
4	103	0.536
4	25	0.651
4	69	0.267
4	53	0.329
4	57	0.165
4	39	0.513
4	83	0.577
4	70	0.513
4	66	0.763
4	73	0.976
4	40	0.653
4	3	0.964
4	30	0.477
4	102	0.307
4	20	0.967
4	84	0.951
4	21	0.993
4	72	0.311
4	12	0.965
4	6	0.97
4	75	0.716
4	29	0.629
4	63	0.72
4	90	0.231
4	14	0.89
4	10	0.965
4	89	0.345
4	13	0.991
4	37	0.494
4	61	0.325
4	31	0.69
4	54	0.15
4	49	0.815
4	48	0.266
4	15	0.473
4	55	0.525
4	51	0.307
4	27	0.557
4	0	0.952
4	7	0.518
4	74	0.173
4	26	0.965
4	101	0.342
4	38	0.473
4	52	0.504
4	100	0.381
4	22	0.961
4	104	0.633
4	62	0.366
4	9	0.957
4	41	0.582
4	35	0.171
4	81	0.188
4	17	0.966
4	65	0.159
4	68	0.214
4	94	0.912
4	33	0.451
4	96	0.58
4	92	0.637
4	77	0.515
4	34	0.535
4	98	0.355
4	47	0.451
4	28	0.644
4	16	0.604
4	44	0.15
4	80	0.946
4	50	0.172
4	23	0.949
4	2	0.957
4	18	0.161
4	64	0.332
4	43	0.255
4	32	0.954
4	60	0.171
9	8	0.965
9	76	0.194
9	1	0.944
9	24	0.509
9	85	0.186
9	36	0.243
9	5	0.53
9	19	0.279
9	103	0.354
9	25	0.548
9	69	0.167
9	53	0.299
9	83	0.479
9	78	0.155
9	70	0.214
9	66	0.571
9	73	0.962
9	3	0.955
9	30	0.307
9	102	0.339
9	20	0.963
9	84	0.962
9	21	0.956
9	72	0.152
9	12	0.959
9	6	0.957
9	75	0.188
9	29	0.452
9	63	0.499
9	14	0.598
9	10	0.953
9	89	0.322
9	56	0.159
9	13	0.954
9	37	0.396
9	61	0.224
9	31	0.591
9	54	0.267
9	59	0.236
9	49	0.398
9	87	0.163
9	15	0.444
9	55	0.225
9	27	0.484
9	0	0.954
9	7	0.432
9	67	0.17
9	26	0.957
9	101	0.243
9	38	0.369
9	52	0.532
9	100	0.265
9	22	0.949
9	104	0.69
9	41	0.456
9	35	0.171
9	81	0.25
9	17	0.958
9	65	0.235
9	68	0.191
9	94	0.956
9	33	0.567
9	96	0.212
9	92	0.544
9	77	0.227
9	34	0.387
9	98	0.179
9	47	0.647
9	28	0.502
9	16	0.563
9	80	0.952
9	23	0.951
9	2	0.954
9	91	0.167
9	88	0.186
9	32	0.949
9	4	0.957
86	8	0.225
86	24	0.211
86	85	0.513
86	36	0.223
86	19	0.207
86	103	0.311
86	53	0.505
86	78	0.884
86	70	0.225
86	66	0.44
86	73	0.224
86	30	0.297
86	102	0.225
86	20	0.165
86	84	0.256
86	72	0.291
86	12	0.328
86	29	0.267
86	63	0.172
86	14	0.29
86	10	0.214
86	56	0.44
86	37	0.455
86	61	0.226
86	31	0.215
86	54	0.58
86	49	0.244
86	48	0.214
86	11	0.288
86	55	0.647
86	79	0.879
86	7	0.356
86	74	0.549
86	38	0.256
86	52	0.407
86	100	0.187
86	104	0.671
86	82	0.251
86	41	0.286
86	17	0.21
86	68	0.152
86	94	0.488
86	33	0.197
86	96	0.212
86	92	0.311
86	34	0.269
86	98	0.25
86	47	0.166
86	16	0.266
86	23	0.219
86	88	0.167
3	85	0.286
3	36	0.518
3	19	0.432
3	103	0.481
3	69	0.212
3	53	0.582
3	83	0.54
3	70	0.272
3	66	0.672
3	73	0.965
3	40	0.399
3	102	0.469
3	20	0.975
3	72	0.358
3	95	0.196
3	6	0.976
3	29	0.838
3	90	0.356
3	89	0.425
3	13	0.95
3	37	0.865
3	61	0.441
3	31	0.743
3	54	0.426
3	48	0.45
3	55	0.522
3	51	0.193
3	27	0.574
3	0	0.921
3	79	0.277
3	74	0.226
3	67	0.236
3	26	0.956
3	101	0.451
3	38	0.576
3	52	0.613
3	22	0.959
3	105	0.161
3	41	0.575
3	35	0.301
3	81	0.406
3	94	0.942
3	33	0.5
3	96	0.499
3	92	0.767
3	77	0.16
3	16	0.804
3	44	0.309
3	50	0.293
3	23	0.942
3	2	0.964
3	43	0.446
3	32	0.956
3	60	0.287
3	4	0.964
3	8	0.973
3	76	0.296
3	1	0.933
3	24	0.596
3	5	0.769
3	25	0.636
3	39	0.324
3	78	0.208
3	30	0.719
3	84	0.959
3	21	0.956
3	12	0.979
3	75	0.185
3	63	0.355
3	14	0.815
3	10	0.971
3	56	0.197
3	59	0.248
3	49	0.732
3	15	0.523
3	7	0.809
3	93	0.348
3	100	0.571
3	104	0.837
3	62	0.375
3	82	0.328
3	9	0.955
3	17	0.98
3	34	0.569
3	98	0.415
3	47	0.645
3	28	0.536
3	80	0.914
3	88	0.242
3	64	0.181
1	85	0.921
1	36	0.239
1	19	0.462
1	103	0.269
1	69	0.154
1	53	0.253
1	83	0.482
1	66	0.445
1	73	0.963
1	102	0.322
1	20	0.973
1	72	0.198
1	6	0.979
1	29	0.413
1	90	0.261
1	89	0.229
1	13	0.95
1	37	0.576
1	31	0.57
1	54	0.923
1	55	0.36
1	51	0.19
1	27	0.393
1	0	0.964
1	79	0.92
1	74	0.909
1	26	0.939
1	38	0.261
1	52	0.399
1	22	0.94
1	41	0.331
1	81	0.288
1	94	0.93
1	33	0.261
1	96	0.393
1	92	0.526
1	77	0.365
1	16	0.55
1	23	0.932
1	2	0.91
1	32	0.955
1	4	0.941
1	8	0.976
1	76	0.324
1	24	0.469
1	5	0.542
1	25	0.476
1	78	0.187
1	3	0.933
1	30	0.284
1	84	0.942
1	21	0.94
1	12	0.909
1	75	0.234
1	63	0.231
1	14	0.573
1	10	0.952
1	56	0.167
1	49	0.277
1	15	0.498
1	11	0.225
1	7	0.581
1	93	0.226
1	104	0.774
1	62	0.359
1	9	0.944
1	17	0.947
1	34	0.238
1	98	0.25
1	47	0.346
1	28	0.495
1	80	0.98
1	64	0.191
80	8	0.978
80	76	0.223
80	1	0.98
80	24	0.423
80	85	0.93
80	36	0.265
80	5	0.589
80	19	0.583
80	103	0.313
80	25	0.459
80	69	0.165
80	53	0.212
80	83	0.596
80	78	0.195
80	70	0.174
80	66	0.481
80	73	0.975
80	3	0.914
80	30	0.407
80	102	0.3
80	20	0.99
80	84	0.945
80	21	0.943
80	72	0.398
80	12	0.909
80	6	0.979
80	75	0.152
80	29	0.592
80	63	0.221
80	90	0.193
80	14	0.68
80	10	0.955
80	89	0.332
80	56	0.41
80	13	0.954
80	37	0.428
80	61	0.223
80	31	0.619
80	54	0.929
80	59	0.168
80	49	0.316
80	48	0.33
80	15	0.389
80	11	0.382
80	55	0.823
80	51	0.185
80	27	0.336
80	0	0.928
80	79	0.919
80	7	0.482
80	74	0.907
80	26	0.973
80	38	0.235
80	52	0.351
80	22	0.944
80	104	0.555
80	62	0.595
80	9	0.952
80	41	0.445
80	81	0.249
80	17	0.977
80	94	0.95
80	33	0.355
80	96	0.239
80	92	0.465
80	77	0.856
80	34	0.367
80	98	0.426
80	47	0.335
80	28	0.491
80	16	0.561
80	23	0.931
80	2	0.927
80	88	0.152
80	64	0.152
80	32	0.948
80	60	0.154
80	4	0.946
38	85	0.354
38	36	0.805
38	19	0.803
38	86	0.256
38	71	0.49
38	103	0.95
38	69	0.233
38	53	0.569
38	57	0.193
38	83	0.492
38	70	0.544
38	66	0.897
38	73	0.53
38	40	0.571
38	102	0.508
38	20	0.785
38	72	0.557
38	95	0.185
38	6	0.568
38	45	0.274
38	29	0.797
38	90	0.377
38	89	0.311
38	13	0.46
38	37	0.799
38	61	0.855
38	31	0.702
38	54	0.414
38	48	0.593
38	55	0.543
38	51	0.426
38	27	0.338
38	0	0.377
38	79	0.23
38	74	0.229
38	67	0.328
38	26	0.36
38	101	0.533
38	52	0.816
38	22	0.355
38	41	0.902
38	35	0.424
38	81	0.4
38	68	0.224
38	94	0.802
38	33	0.599
38	96	0.922
38	92	0.846
38	16	0.636
38	44	0.266
38	50	0.33
38	23	0.556
38	2	0.531
38	58	0.291
38	43	0.267
38	32	0.388
38	60	0.42
38	4	0.473
38	99	0.266
38	8	0.804
38	76	0.297
38	1	0.261
38	24	0.567
38	5	0.205
38	25	0.504
38	39	0.623
38	78	0.155
38	3	0.576
38	30	0.762
38	84	0.588
38	21	0.491
38	12	0.651
38	75	0.739
38	63	0.659
38	14	0.761
38	10	0.746
38	56	0.195
38	59	0.347
38	49	0.88
38	15	0.4
38	11	0.357
38	7	0.814
38	93	0.442
38	100	0.512
38	104	0.883
38	62	0.416
38	82	0.482
38	9	0.369
38	17	0.518
38	65	0.651
38	34	0.804
38	98	0.682
38	47	0.9
38	28	0.381
38	80	0.235
38	91	0.283
38	18	0.489
38	88	0.164
38	64	0.292
98	85	0.349
98	36	0.987
98	19	0.565
98	86	0.25
98	71	0.325
98	103	0.989
98	53	0.674
98	83	0.41
98	70	0.592
98	66	0.745
98	73	0.56
98	40	0.413
98	102	0.347
98	20	0.687
98	72	0.92
98	6	0.342
98	45	0.239
98	29	0.735
98	90	0.473
98	89	0.347
98	13	0.267
98	37	0.669
98	61	0.797
98	31	0.655
98	54	0.416
98	48	0.733
98	55	0.558
98	51	0.355
98	27	0.296
98	0	0.16
98	79	0.217
98	74	0.161
98	26	0.243
98	101	0.556
98	38	0.682
98	52	0.806
98	22	0.452
98	41	0.84
98	35	0.398
98	81	0.288
98	94	0.676
98	33	0.789
98	96	0.79
98	92	0.74
98	16	0.579
98	44	0.222
98	50	0.254
98	23	0.45
98	2	0.375
98	58	0.211
98	43	0.184
98	32	0.349
98	60	0.349
98	4	0.355
98	8	0.617
98	76	0.167
98	1	0.25
98	24	0.474
98	25	0.473
98	39	0.294
98	3	0.415
98	30	0.897
98	84	0.475
98	21	0.266
98	12	0.551
98	75	0.347
98	63	0.691
98	14	0.668
98	10	0.602
98	56	0.356
98	59	0.188
98	49	0.69
98	15	0.39
98	11	0.915
98	7	0.995
98	93	0.285
98	100	0.357
98	104	0.86
98	62	0.84
98	82	0.571
98	9	0.179
98	17	0.376
98	65	0.188
98	34	0.872
98	47	0.556
98	28	0.264
98	80	0.426
98	91	0.229
98	18	0.155
98	64	0.307
7	85	0.51
7	36	0.989
7	19	0.726
7	86	0.356
7	71	0.556
7	103	0.994
7	69	0.234
7	53	0.868
7	57	0.153
7	83	0.47
7	70	0.677
7	66	0.956
7	73	0.669
7	40	0.64
7	102	0.576
7	20	0.858
7	72	0.871
7	95	0.441
7	6	0.573
7	45	0.33
7	29	0.83
7	90	0.685
7	89	0.441
7	13	0.557
7	37	0.891
7	61	0.8
7	31	0.793
7	54	0.551
7	42	0.171
7	48	0.672
7	55	0.675
7	51	0.59
7	27	0.349
7	0	0.472
7	79	0.329
7	74	0.286
7	67	0.309
7	26	0.354
7	101	0.81
7	38	0.814
7	52	0.815
7	22	0.56
7	41	0.921
7	35	0.422
7	81	0.448
7	68	0.165
7	94	0.906
7	33	0.873
7	96	0.895
7	92	0.993
7	16	0.694
7	44	0.44
7	50	0.414
7	23	0.532
7	2	0.71
7	58	0.398
7	43	0.313
7	32	0.471
7	60	0.431
7	4	0.518
7	99	0.186
7	8	0.811
7	76	0.311
7	1	0.581
7	24	0.649
7	5	0.167
7	25	0.543
7	39	0.562
7	78	0.269
7	3	0.809
7	30	0.931
7	84	0.628
7	21	0.56
7	12	0.791
7	75	0.493
7	63	0.57
7	14	0.913
7	10	0.765
7	56	0.398
7	59	0.297
7	49	0.869
7	15	0.473
7	11	0.791
7	93	0.495
7	100	0.671
7	104	0.959
7	62	0.706
7	82	0.606
7	9	0.432
7	17	0.718
7	65	0.484
7	34	0.871
7	98	0.995
7	47	0.747
7	28	0.507
7	80	0.482
7	91	0.482
7	18	0.457
7	88	0.226
7	64	0.329
29	8	0.988
29	76	0.323
29	1	0.413
29	24	0.728
29	85	0.321
29	36	0.912
29	5	0.541
29	19	0.53
29	86	0.267
29	71	0.297
29	103	0.759
29	25	0.233
29	69	0.158
29	53	0.56
29	39	0.42
29	83	0.33
29	70	0.469
29	66	0.763
29	73	0.969
29	40	0.295
29	3	0.838
29	30	0.824
29	102	0.457
29	20	0.311
29	84	0.691
29	21	0.642
29	72	0.475
29	12	0.823
29	6	0.751
29	75	0.27
29	63	0.188
29	90	0.595
29	14	0.295
29	10	0.911
29	89	0.333
29	56	0.222
29	13	0.309
29	37	0.7
29	61	0.891
29	31	0.271
29	54	0.433
29	59	0.167
29	49	0.82
29	48	0.452
29	87	0.185
29	15	0.305
29	55	0.589
29	51	0.26
29	27	0.582
29	0	0.597
29	79	0.212
29	7	0.83
29	74	0.206
29	26	0.577
29	101	0.784
29	93	0.351
29	38	0.797
29	52	0.685
29	100	0.425
29	22	0.692
29	104	0.808
29	62	0.25
29	82	0.374
29	9	0.452
29	41	0.946
29	35	0.42
29	81	0.389
29	17	0.605
29	68	0.168
29	94	0.804
29	33	0.602
29	96	0.764
29	92	0.82
29	77	0.357
29	34	0.936
29	98	0.735
29	47	0.636
29	28	0.858
29	44	0.544
29	80	0.592
29	23	0.678
29	2	0.692
29	58	0.163
29	64	0.266
29	43	0.539
29	32	0.368
29	60	0.205
29	4	0.629
58	8	0.342
58	49	0.533
58	11	0.22
58	51	0.183
58	36	0.344
58	7	0.398
58	19	0.241
58	101	0.18
58	93	0.996
58	103	0.431
58	38	0.291
58	52	0.541
58	100	0.438
58	22	0.161
58	104	0.528
58	39	0.325
58	41	0.95
58	17	0.183
58	70	0.385
58	94	0.469
58	66	0.625
58	33	0.177
58	40	0.212
58	92	0.968
58	30	0.248
58	102	0.174
58	34	0.932
58	98	0.211
58	20	0.257
58	47	0.364
58	44	0.157
58	2	0.174
58	45	0.535
58	29	0.163
58	14	0.199
58	56	0.382
58	37	0.939
58	42	0.975
34	85	0.536
34	36	0.932
34	19	0.675
34	86	0.269
34	71	0.64
34	103	0.936
34	69	0.297
34	53	0.961
34	83	0.394
34	70	0.604
34	66	0.992
34	73	0.533
34	40	0.679
34	102	0.543
34	20	0.825
34	72	0.706
34	95	0.33
34	6	0.557
34	45	0.282
34	29	0.936
34	90	0.473
34	89	0.653
34	13	0.441
34	37	0.972
34	61	0.894
34	31	0.851
34	54	0.43
34	48	0.588
34	55	0.56
34	51	0.446
34	27	0.347
34	0	0.286
34	79	0.266
34	74	0.268
34	67	0.673
34	26	0.347
34	101	0.9
34	38	0.804
34	52	0.813
34	22	0.565
34	41	0.971
34	35	0.669
34	81	0.441
34	68	0.172
34	94	0.983
34	33	0.681
34	96	0.81
34	92	0.954
34	16	0.697
34	44	0.634
34	50	0.424
34	23	0.669
34	2	0.593
34	58	0.932
34	43	0.632
34	32	0.511
34	60	0.698
34	4	0.535
34	99	0.252
34	8	0.797
34	76	0.538
34	1	0.238
34	24	0.968
34	5	0.266
34	25	0.681
34	39	0.732
34	78	0.185
34	3	0.569
34	30	0.809
34	84	0.594
34	21	0.45
34	12	0.707
34	75	0.479
34	63	0.429
34	14	0.981
34	10	0.741
34	56	0.248
34	59	0.357
34	49	0.955
34	15	0.827
34	11	0.307
34	7	0.871
34	93	0.945
34	100	0.706
34	104	0.988
34	62	0.293
34	82	0.42
34	9	0.387
34	17	0.584
34	65	0.27
34	98	0.872
34	47	0.974
34	28	0.591
34	80	0.367
34	91	0.325
34	18	0.327
34	88	0.475
34	64	0.33
8	85	0.372
8	36	0.787
8	19	0.588
8	86	0.225
8	71	0.332
8	103	0.788
8	69	0.327
8	53	0.67
8	57	0.162
8	83	0.747
8	70	0.544
8	66	0.88
8	73	0.976
8	40	0.473
8	102	0.65
8	20	0.995
8	72	0.412
8	95	0.289
8	6	0.988
8	45	0.405
8	29	0.988
8	90	0.413
8	89	0.451
8	13	0.974
8	37	0.876
8	61	0.709
8	31	0.907
8	54	0.68
8	42	0.195
8	48	0.446
8	55	0.582
8	51	0.836
8	27	0.542
8	0	0.933
8	79	0.309
8	74	0.169
8	67	0.229
8	26	0.957
8	101	0.706
8	38	0.804
8	52	0.902
8	22	0.967
8	41	0.799
8	35	0.4
8	81	0.477
8	68	0.215
8	94	0.987
8	33	0.671
8	96	0.745
8	92	0.991
8	77	0.602
8	16	0.814
8	44	0.309
8	50	0.32
8	23	0.955
8	2	0.979
8	58	0.342
8	43	0.267
8	32	0.974
8	60	0.34
8	4	0.972
8	99	0.587
8	76	0.349
8	1	0.976
8	24	0.747
8	5	0.602
8	25	0.668
8	39	0.542
8	78	0.21
8	3	0.973
8	30	0.778
8	84	0.97
8	21	0.973
8	12	0.987
8	75	0.584
8	63	0.758
8	14	0.941
8	10	0.991
8	56	0.286
8	59	0.559
8	49	0.873
8	15	0.644
8	11	0.241
8	7	0.811
8	93	0.306
8	100	0.536
8	104	0.884
8	62	0.266
8	82	0.425
8	9	0.965
8	17	0.975
8	65	0.325
8	34	0.797
8	98	0.617
8	47	0.719
8	28	0.68
8	80	0.978
8	91	0.266
8	18	0.267
8	88	0.241
8	64	0.319
94	85	0.661
94	36	0.838
94	19	0.676
94	86	0.488
94	71	0.398
94	103	0.863
94	69	0.288
94	53	0.895
94	83	0.548
94	70	0.612
94	66	0.973
94	73	0.972
94	40	0.569
94	102	0.875
94	20	0.993
94	72	0.559
94	95	0.535
94	6	0.968
94	45	0.199
94	29	0.804
94	90	0.582
94	89	0.599
94	13	0.957
94	37	0.992
94	61	0.705
94	31	0.866
94	54	0.81
94	48	0.674
94	55	0.745
94	51	0.782
94	27	0.507
94	0	0.942
94	79	0.454
94	74	0.296
94	67	0.37
94	26	0.948
94	101	0.845
94	38	0.802
94	52	0.887
94	22	0.958
94	105	0.208
94	41	0.992
94	35	0.44
94	81	0.675
94	68	0.235
94	33	0.695
94	96	0.764
94	92	0.996
94	16	0.791
94	44	0.473
94	50	0.473
94	23	0.95
94	2	0.983
94	58	0.469
94	43	0.473
94	32	0.959
94	60	0.497
94	4	0.912
94	99	0.292
94	8	0.987
94	76	0.603
94	1	0.93
94	24	0.672
94	5	0.473
94	25	0.616
94	39	0.667
94	78	0.386
94	3	0.942
94	30	0.862
94	84	0.967
94	21	0.956
94	12	0.985
94	75	0.527
94	63	0.769
94	14	0.98
94	10	0.991
94	56	0.491
94	59	0.445
94	49	0.879
94	15	0.567
94	11	0.475
94	7	0.906
94	93	0.465
94	100	0.675
94	104	0.985
94	62	0.4
94	82	0.577
94	9	0.956
94	17	0.988
94	65	0.279
94	34	0.983
94	98	0.676
94	47	0.84
94	28	0.655
94	80	0.95
94	91	0.307
94	18	0.25
94	88	0.665
94	64	0.404
6	85	0.267
6	36	0.519
6	19	0.422
6	71	0.223
6	103	0.557
6	69	0.281
6	53	0.483
6	83	0.642
6	66	0.643
6	73	0.975
6	40	0.325
6	102	0.389
6	20	0.981
6	72	0.229
6	45	0.18
6	29	0.751
6	90	0.228
6	89	0.265
6	13	0.968
6	37	0.57
6	61	0.398
6	31	0.742
6	54	0.27
6	48	0.297
6	55	0.347
6	51	0.499
6	27	0.511
6	0	0.98
6	67	0.161
6	26	0.968
6	101	0.347
6	38	0.568
6	52	0.92
6	22	0.985
6	41	0.575
6	35	0.269
6	81	0.337
6	94	0.968
6	33	0.457
6	96	0.434
6	92	0.641
6	77	0.813
6	16	0.712
6	44	0.256
6	50	0.21
6	23	0.945
6	2	0.978
6	43	0.211
6	32	0.971
6	60	0.3
6	4	0.97
6	99	0.252
6	8	0.988
6	1	0.979
6	24	0.681
6	5	0.614
6	25	0.741
6	39	0.224
6	3	0.976
6	30	0.549
6	84	0.956
6	21	0.969
6	12	0.969
6	75	0.425
6	63	0.238
6	14	0.744
6	10	0.973
6	59	0.497
6	49	0.743
6	15	0.593
6	7	0.573
6	100	0.347
6	104	0.687
6	62	0.26
6	9	0.957
6	17	0.986
6	65	0.171
6	34	0.557
6	98	0.342
6	47	0.529
6	28	0.606
6	80	0.979
6	91	0.173
6	18	0.18
6	64	0.223
21	8	0.973
21	1	0.94
21	24	0.795
21	85	0.15
21	36	0.43
21	5	0.556
21	19	0.601
21	71	0.347
21	103	0.551
21	25	0.672
21	69	0.282
21	53	0.286
21	83	0.767
21	70	0.414
21	66	0.581
21	73	0.976
21	40	0.25
21	3	0.956
21	30	0.337
21	102	0.24
21	20	0.919
21	84	0.954
21	72	0.222
21	12	0.957
21	6	0.969
21	75	0.586
21	29	0.642
21	63	0.41
21	90	0.156
21	14	0.76
21	10	0.925
21	89	0.218
21	13	0.959
21	37	0.424
21	61	0.313
21	31	0.715
21	54	0.169
21	59	0.211
21	49	0.553
21	48	0.256
21	55	0.163
21	51	0.199
21	27	0.52
21	0	0.948
21	7	0.56
21	74	0.193
21	26	0.971
21	101	0.35
21	38	0.491
21	52	0.456
21	100	0.268
21	22	0.958
21	104	0.574
21	82	0.163
21	105	0.169
21	9	0.956
21	41	0.56
21	35	0.187
21	81	0.187
21	17	0.971
21	65	0.212
21	68	0.257
21	94	0.956
21	33	0.33
21	96	0.603
21	92	0.956
21	77	0.73
21	34	0.45
21	98	0.266
21	47	0.449
21	28	0.798
21	16	0.737
21	80	0.943
21	50	0.153
21	23	0.953
21	2	0.953
21	91	0.191
21	18	0.283
21	64	0.25
21	32	0.963
21	60	0.224
21	4	0.993
33	85	0.395
33	36	0.602
33	19	0.422
33	86	0.197
33	71	0.25
33	103	0.668
33	69	0.211
33	53	0.606
33	83	0.335
33	70	0.456
33	66	0.914
33	73	0.645
33	40	0.248
33	102	0.419
33	20	0.687
33	72	0.683
33	95	0.256
33	6	0.457
33	45	0.161
33	29	0.602
33	90	0.423
33	89	0.95
33	13	0.248
33	37	0.796
33	61	0.557
33	31	0.64
33	54	0.459
33	48	0.57
33	55	0.527
33	51	0.422
33	27	0.3
33	0	0.303
33	79	0.403
33	74	0.218
33	67	0.161
33	26	0.243
33	101	0.426
33	38	0.599
33	52	0.716
33	22	0.48
33	41	0.752
33	35	0.195
33	81	0.393
33	94	0.695
33	96	0.609
33	92	0.982
33	16	0.593
33	50	0.205
33	23	0.398
33	2	0.564
33	58	0.177
33	32	0.286
33	60	0.215
33	4	0.451
33	8	0.671
33	76	0.286
33	1	0.261
33	24	0.532
33	5	0.221
33	25	0.452
33	39	0.407
33	78	0.25
33	3	0.5
33	30	0.799
33	84	0.53
33	21	0.33
33	12	0.684
33	75	0.295
33	63	0.899
33	14	0.844
33	10	0.605
33	56	0.309
33	59	0.163
33	49	0.636
33	15	0.237
33	11	0.508
33	7	0.873
33	100	0.282
33	104	0.976
33	62	0.48
33	82	0.508
33	9	0.567
33	17	0.446
33	65	0.24
33	34	0.681
33	98	0.789
33	47	0.569
33	28	0.493
33	80	0.355
33	91	0.974
33	18	0.169
33	88	0.229
33	64	0.266
44	41	0.569
44	35	0.34
44	8	0.309
44	81	0.165
44	17	0.445
44	49	0.738
44	48	0.154
44	66	0.442
44	94	0.473
44	96	0.311
44	15	0.186
44	73	0.242
44	40	0.51
44	92	0.471
44	3	0.309
44	30	0.653
44	55	0.426
44	102	0.186
44	34	0.634
44	98	0.222
44	20	0.329
44	24	0.25
44	84	0.15
44	47	0.297
44	36	0.594
44	16	0.236
44	7	0.44
44	67	0.166
44	12	0.473
44	19	0.303
44	50	0.21
44	101	0.57
44	23	0.309
44	6	0.256
44	2	0.298
44	71	0.297
44	75	0.227
44	103	0.407
44	38	0.266
44	52	0.244
44	58	0.157
44	29	0.544
44	100	0.833
44	25	0.212
44	63	0.163
44	22	0.212
44	14	0.388
44	10	0.161
44	104	0.531
44	39	0.275
44	43	0.309
44	60	0.233
44	4	0.15
44	37	0.25
44	61	0.473
44	31	0.209
59	8	0.559
59	49	0.403
59	48	0.282
59	15	0.185
59	51	0.718
59	24	0.208
59	0	0.167
59	36	0.329
59	7	0.297
59	26	0.187
59	19	0.186
59	101	0.294
59	71	0.163
59	103	0.379
59	38	0.347
59	52	0.44
59	100	0.231
59	69	0.292
59	53	0.167
59	57	0.426
59	104	0.671
59	97	0.167
59	83	0.187
59	9	0.236
59	41	0.39
59	35	0.42
59	17	0.239
59	94	0.445
59	66	0.437
59	33	0.163
59	96	0.236
59	40	0.422
59	92	0.598
59	3	0.248
59	30	0.179
59	102	0.203
59	34	0.357
59	98	0.188
59	20	0.443
59	84	0.154
59	21	0.211
59	47	0.373
59	28	0.171
59	16	0.212
59	80	0.168
59	12	0.222
59	50	0.646
59	23	0.158
59	6	0.497
59	2	0.171
59	45	0.305
59	75	0.214
59	29	0.167
59	91	0.304
59	63	0.434
59	90	0.156
59	14	0.216
59	10	0.24
59	89	0.165
59	43	0.263
59	60	0.674
59	13	0.167
59	37	0.266
59	61	0.327
59	31	0.195
59	42	0.167
59	99	0.164
79	85	0.95
79	36	0.185
79	86	0.879
79	103	0.297
79	53	0.309
79	70	0.163
79	66	0.526
79	73	0.515
79	102	0.23
79	20	0.345
79	72	0.427
79	29	0.212
79	90	0.17
79	89	0.927
79	37	0.398
79	61	0.237
79	31	0.222
79	54	0.946
79	48	0.246
79	55	0.684
79	74	0.931
79	38	0.23
79	52	0.265
79	22	0.167
79	41	0.294
79	81	0.155
79	94	0.454
79	33	0.403
79	96	0.238
79	92	0.347
79	16	0.212
79	23	0.171
79	2	0.227
79	60	0.184
79	8	0.309
79	1	0.92
79	24	0.15
79	5	0.172
79	78	0.936
79	3	0.277
79	30	0.33
79	84	0.207
79	12	0.337
79	75	0.186
79	14	0.46
79	10	0.217
79	56	0.697
79	49	0.224
79	11	0.325
79	7	0.329
79	100	0.221
79	104	0.474
79	62	0.227
79	82	0.24
79	34	0.266
79	98	0.217
79	47	0.221
79	80	0.919
5	36	0.189
5	103	0.161
5	53	0.226
5	57	0.189
5	83	0.548
5	66	0.258
5	73	0.766
5	102	0.298
5	20	0.567
5	95	0.198
5	6	0.614
5	29	0.541
5	89	0.296
5	13	0.595
5	37	0.284
5	61	0.159
5	31	0.452
5	54	0.231
5	48	0.193
5	55	0.267
5	27	0.432
5	0	0.537
5	79	0.172
5	74	0.176
5	26	0.547
5	101	0.205
5	38	0.205
5	52	0.192
5	22	0.398
5	105	0.156
5	41	0.235
5	81	0.185
5	94	0.473
5	33	0.221
5	96	0.186
5	92	0.284
5	77	0.287
5	16	0.497
5	50	0.176
5	23	0.429
5	2	0.315
5	43	0.268
5	32	0.477
5	60	0.185
5	4	0.568
5	8	0.602
5	1	0.542
5	24	0.412
5	25	0.464
5	78	0.271
5	3	0.769
5	30	0.194
5	84	0.42
5	21	0.556
5	12	0.543
5	75	0.16
5	63	0.182
5	14	0.517
5	10	0.421
5	56	0.175
5	49	0.197
5	15	0.527
5	7	0.167
5	104	0.39
5	9	0.53
5	17	0.549
5	34	0.266
5	47	0.211
5	28	0.496
5	80	0.589
5	91	0.236
5	88	0.161
100	8	0.536
100	76	0.229
100	24	0.398
100	85	0.27
100	36	0.678
100	19	0.451
100	86	0.187
100	71	0.248
100	103	0.682
100	25	0.188
100	69	0.183
100	53	0.311
100	39	0.559
100	83	0.196
100	70	0.293
100	66	0.684
100	73	0.292
100	40	0.908
100	3	0.571
100	30	0.74
100	102	0.366
100	20	0.472
100	84	0.242
100	21	0.268
100	72	0.189
100	12	0.649
100	6	0.347
100	45	0.311
100	75	0.381
100	29	0.425
100	63	0.386
100	90	0.165
100	14	0.539
100	10	0.415
100	89	0.188
100	13	0.212
100	37	0.542
100	61	0.672
100	31	0.431
100	42	0.2
100	59	0.231
100	49	0.986
100	48	0.619
100	15	0.243
100	11	0.218
100	55	0.165
100	51	0.324
100	0	0.248
100	79	0.221
100	7	0.671
100	74	0.232
100	67	0.601
100	26	0.213
100	101	0.556
100	93	0.264
100	38	0.512
100	52	0.616
100	22	0.286
100	104	0.749
100	82	0.229
100	9	0.265
100	41	0.712
100	35	0.557
100	81	0.212
100	17	0.801
100	94	0.675
100	33	0.282
100	96	0.484
100	92	0.722
100	34	0.706
100	98	0.357
100	47	0.538
100	28	0.218
100	16	0.431
100	44	0.833
100	50	0.396
100	23	0.418
100	2	0.568
100	58	0.438
100	91	0.165
100	18	0.256
100	43	0.255
100	32	0.17
100	60	0.443
100	4	0.381
60	8	0.34
60	24	0.208
60	36	0.422
60	5	0.185
60	71	0.214
60	103	0.429
60	25	0.214
60	69	0.225
60	53	0.305
60	57	0.419
60	39	0.194
60	66	0.68
60	40	0.587
60	3	0.287
60	30	0.357
60	102	0.298
60	20	0.29
60	84	0.178
60	21	0.224
60	95	0.25
60	12	0.36
60	6	0.3
60	45	0.167
60	75	0.19
60	29	0.205
60	63	0.242
60	90	0.29
60	14	0.347
60	10	0.214
60	13	0.191
60	37	0.414
60	61	0.484
60	31	0.242
60	42	0.165
60	59	0.674
60	49	0.593
60	48	0.497
60	15	0.15
60	11	0.167
60	51	0.331
60	27	0.157
60	0	0.235
60	79	0.184
60	7	0.431
60	74	0.184
60	67	0.205
60	26	0.19
60	101	0.329
60	38	0.42
60	52	0.423
60	100	0.443
60	22	0.157
60	104	0.725
60	62	0.242
60	82	0.177
60	41	0.729
60	35	0.448
60	17	0.473
60	94	0.497
60	33	0.215
60	96	0.41
60	92	0.854
60	34	0.698
60	98	0.349
60	47	0.42
60	28	0.167
60	16	0.241
60	44	0.233
60	80	0.154
60	50	0.305
60	23	0.171
60	2	0.323
60	91	0.315
60	18	0.166
60	64	0.176
60	43	0.327
60	32	0.214
60	4	0.171
60	99	0.538
68	8	0.215
68	85	0.198
68	19	0.316
68	86	0.152
68	71	0.27
68	25	0.159
68	69	0.4
68	53	0.187
68	57	0.297
68	70	0.252
68	66	0.418
68	73	0.224
68	102	0.248
68	20	0.163
68	21	0.257
68	75	0.531
68	29	0.168
68	63	0.269
68	14	0.16
68	10	0.204
68	13	0.195
68	37	0.233
68	31	0.188
68	49	0.221
68	48	0.217
68	55	0.227
68	7	0.165
68	67	0.242
68	101	0.185
68	38	0.224
68	52	0.222
68	104	0.282
68	9	0.191
68	41	0.218
68	17	0.174
68	65	0.275
68	94	0.235
68	96	0.183
68	92	0.213
68	34	0.172
68	47	0.282
68	23	0.161
68	91	0.207
68	18	0.242
68	64	0.365
68	4	0.214
49	85	0.621
49	36	0.899
49	19	0.709
49	86	0.244
49	71	0.547
49	103	0.982
49	69	0.294
49	53	0.743
49	57	0.157
49	83	0.402
49	70	0.523
49	66	0.912
49	73	0.748
49	40	0.897
49	102	0.639
49	20	0.824
49	72	0.422
49	95	0.426
49	6	0.743
49	45	0.554
49	29	0.82
49	90	0.473
49	89	0.671
49	13	0.53
49	37	0.911
49	61	0.91
49	31	0.745
49	54	0.446
49	42	0.294
49	48	0.63
49	55	0.557
49	51	0.719
49	27	0.282
49	0	0.513
49	79	0.224
49	74	0.222
49	67	0.52
49	26	0.447
49	101	0.831
49	38	0.88
49	52	0.896
49	22	0.519
49	41	0.951
49	35	0.585
49	81	0.678
49	68	0.221
49	94	0.879
49	33	0.636
49	96	0.873
49	92	0.971
49	16	0.631
49	44	0.738
49	50	0.485
49	23	0.669
49	2	0.852
49	58	0.533
49	43	0.26
49	32	0.395
49	60	0.593
49	4	0.815
49	99	0.268
49	8	0.873
49	76	0.446
49	1	0.277
49	24	0.641
49	5	0.197
49	25	0.514
49	39	0.835
49	97	0.156
49	3	0.732
49	30	0.899
49	84	0.579
49	21	0.553
49	12	0.912
49	75	0.658
49	63	0.882
49	14	0.93
49	10	0.739
49	56	0.212
49	59	0.403
49	15	0.426
49	11	0.294
49	7	0.869
49	93	0.53
49	100	0.986
49	104	0.971
49	62	0.29
49	82	0.426
49	9	0.398
49	17	0.86
49	65	0.295
49	34	0.955
49	98	0.69
49	47	0.808
49	28	0.445
49	80	0.316
49	91	0.358
49	18	0.429
49	88	0.163
49	64	0.362
78	85	0.563
78	36	0.185
78	86	0.884
78	103	0.161
78	53	0.33
78	66	0.597
78	73	0.355
78	20	0.253
78	72	0.309
78	89	0.315
78	37	0.315
78	31	0.155
78	54	0.424
78	48	0.24
78	55	0.671
78	51	0.151
78	79	0.936
78	74	0.398
78	38	0.155
78	52	0.185
78	41	0.185
78	94	0.386
78	33	0.25
78	92	0.227
78	16	0.173
78	8	0.21
78	1	0.187
78	5	0.271
78	3	0.208
78	30	0.217
78	84	0.16
78	12	0.315
78	14	0.398
78	56	0.556
78	11	0.186
78	7	0.269
78	104	0.422
78	62	0.174
78	82	0.242
78	9	0.155
78	34	0.185
78	47	0.163
78	80	0.195
78	88	0.2
45	8	0.405
45	49	0.554
45	76	0.153
45	48	0.42
45	87	0.317
45	51	0.344
45	24	0.179
45	36	0.245
45	7	0.33
45	26	0.177
45	19	0.524
45	101	0.18
45	93	0.239
45	103	0.349
45	38	0.274
45	52	0.376
45	100	0.311
45	69	0.15
45	104	0.722
45	82	0.212
45	41	0.412
45	35	0.347
45	94	0.199
45	66	0.424
45	33	0.161
45	96	0.159
45	40	0.269
45	92	0.757
45	30	0.156
45	102	0.327
45	34	0.282
45	98	0.239
45	20	0.246
45	47	0.252
45	50	0.186
45	6	0.18
45	75	0.179
45	58	0.535
45	90	0.39
45	14	0.194
45	10	0.267
45	60	0.167
45	37	0.337
45	61	0.165
45	31	0.215
45	42	0.984
45	59	0.305
17	85	0.3
17	36	0.549
17	19	0.44
17	86	0.21
17	71	0.311
17	103	0.563
17	69	0.29
17	53	0.721
17	57	0.187
17	83	0.545
17	70	0.422
17	66	0.859
17	73	0.983
17	40	0.646
17	102	0.54
17	20	0.979
17	72	0.246
17	95	0.331
17	6	0.986
17	29	0.605
17	90	0.282
17	89	0.593
17	13	0.917
17	37	0.913
17	61	0.591
17	31	0.742
17	54	0.245
17	42	0.195
17	48	0.376
17	55	0.258
17	51	0.322
17	27	0.572
17	0	0.963
17	74	0.234
17	67	0.336
17	26	0.967
17	101	0.528
17	38	0.518
17	52	0.628
17	22	0.959
17	41	0.63
17	35	0.398
17	81	0.297
17	68	0.174
17	94	0.988
17	33	0.446
17	96	0.493
17	92	0.979
17	77	0.216
17	16	0.75
17	44	0.445
17	50	0.447
17	23	0.961
17	2	0.979
17	58	0.183
17	43	0.538
17	32	0.957
17	60	0.473
17	4	0.966
17	8	0.975
17	76	0.21
17	1	0.947
17	24	0.701
17	5	0.549
17	25	0.579
17	39	0.359
17	97	0.181
17	3	0.98
17	30	0.605
17	84	0.958
17	21	0.971
17	12	0.988
17	75	0.398
17	63	0.643
17	14	0.795
17	10	0.97
17	56	0.174
17	59	0.239
17	49	0.86
17	15	0.526
17	11	0.222
17	7	0.718
17	93	0.188
17	100	0.801
17	104	0.873
17	82	0.308
17	9	0.958
17	65	0.196
17	34	0.584
17	98	0.376
17	47	0.561
17	28	0.609
17	80	0.977
17	91	0.27
17	18	0.168
17	88	0.604
17	64	0.169
97	49	0.156
97	52	0.175
97	104	0.258
97	17	0.181
97	66	0.207
97	40	0.445
97	92	0.242
97	50	0.172
97	59	0.167
83	8	0.747
83	1	0.482
83	24	0.576
83	36	0.404
83	5	0.548
83	19	0.609
83	71	0.171
83	103	0.521
83	25	0.575
83	69	0.329
83	53	0.254
83	39	0.175
83	70	0.157
83	66	0.454
83	73	0.631
83	3	0.54
83	30	0.29
83	20	0.339
83	84	0.634
83	21	0.767
83	72	0.265
83	12	0.569
83	6	0.642
83	29	0.33
83	63	0.191
83	90	0.193
83	14	0.593
83	10	0.712
83	89	0.226
83	56	0.203
83	13	0.648
83	37	0.316
83	61	0.323
83	31	0.707
83	59	0.187
83	49	0.402
83	48	0.303
83	15	0.281
83	27	0.488
83	0	0.428
83	7	0.47
83	26	0.585
83	93	0.151
83	38	0.492
83	52	0.497
83	100	0.196
83	22	0.694
83	104	0.437
83	62	0.211
83	82	0.188
83	9	0.479
83	41	0.444
83	35	0.154
83	81	0.16
83	17	0.545
83	94	0.548
83	33	0.335
83	96	0.324
83	92	0.459
83	77	0.657
83	34	0.394
83	98	0.41
83	47	0.404
83	28	0.577
83	16	0.587
83	80	0.596
83	23	0.477
83	2	0.577
83	64	0.379
83	32	0.658
83	4	0.577
19	85	0.362
19	36	0.67
19	86	0.207
19	71	0.706
19	103	0.883
19	69	0.942
19	53	0.398
19	83	0.609
19	70	0.948
19	66	0.979
19	73	0.586
19	40	0.467
19	102	0.391
19	20	0.818
19	72	0.354
19	6	0.422
19	45	0.524
19	29	0.53
19	90	0.265
19	89	0.269
19	13	0.531
19	37	0.568
19	61	0.693
19	31	0.58
19	54	0.302
19	48	0.33
19	55	0.347
19	51	0.351
19	27	0.163
19	0	0.166
19	67	0.269
19	26	0.299
19	101	0.396
19	38	0.803
19	52	0.703
19	22	0.339
19	41	0.914
19	35	0.268
19	81	0.297
19	68	0.316
19	94	0.676
19	33	0.422
19	96	0.663
19	92	0.802
19	16	0.482
19	44	0.303
19	50	0.24
19	23	0.198
19	2	0.34
19	58	0.241
19	43	0.159
19	32	0.187
19	4	0.576
19	8	0.588
19	76	0.312
19	1	0.462
19	24	0.539
19	25	0.483
19	39	0.592
19	3	0.432
19	30	0.533
19	84	0.47
19	21	0.601
19	12	0.484
19	75	0.974
19	63	0.924
19	14	0.797
19	10	0.62
19	56	0.185
19	59	0.186
19	49	0.709
19	15	0.187
19	11	0.159
19	7	0.726
19	93	0.208
19	100	0.451
19	104	0.741
19	62	0.375
19	82	0.152
19	9	0.279
19	17	0.44
19	65	0.656
19	34	0.675
19	98	0.565
19	47	0.625
19	28	0.345
19	80	0.583
19	18	0.832
19	64	0.661
67	85	0.185
67	36	0.347
67	19	0.269
67	71	0.696
67	103	0.412
67	69	0.22
67	53	0.286
67	57	0.181
67	66	0.215
67	73	0.163
67	40	0.293
67	102	0.233
67	20	0.187
67	6	0.161
67	37	0.359
67	61	0.355
67	31	0.205
67	51	0.421
67	0	0.184
67	26	0.158
67	101	0.434
67	38	0.328
67	52	0.324
67	41	0.354
67	68	0.242
67	94	0.37
67	33	0.161
67	96	0.3
67	92	0.459
67	16	0.224
67	44	0.166
67	23	0.272
67	2	0.247
67	32	0.157
67	60	0.205
67	8	0.229
67	3	0.236
67	30	0.238
67	84	0.199
67	12	0.294
67	75	0.375
67	14	0.242
67	10	0.248
67	49	0.52
67	7	0.309
67	93	0.184
67	100	0.601
67	104	0.517
67	82	0.204
67	9	0.17
67	17	0.336
67	65	0.463
67	34	0.673
67	47	0.47
67	28	0.314
67	18	0.355
67	64	0.624
75	85	0.214
75	36	0.519
75	19	0.974
75	71	0.476
75	103	0.575
75	69	0.939
75	53	0.235
75	57	0.163
75	70	0.925
75	66	0.982
75	73	0.571
75	40	0.356
75	102	0.343
75	20	0.508
75	72	0.227
75	6	0.425
75	45	0.179
75	29	0.27
75	90	0.246
75	89	0.292
75	13	0.544
75	37	0.385
75	61	0.27
75	31	0.436
75	54	0.224
75	48	0.29
75	55	0.213
75	51	0.354
75	0	0.18
75	79	0.186
75	67	0.375
75	26	0.199
75	101	0.362
75	38	0.739
75	52	0.536
75	22	0.205
75	41	0.668
75	35	0.156
75	81	0.22
75	68	0.531
75	94	0.527
75	33	0.295
75	96	0.563
75	92	0.802
75	16	0.189
75	44	0.227
75	50	0.18
75	23	0.169
75	2	0.282
75	43	0.236
75	32	0.158
75	60	0.19
75	4	0.716
75	8	0.584
75	76	0.238
75	1	0.234
75	24	0.284
75	5	0.16
75	25	0.186
75	39	0.368
75	3	0.185
75	30	0.416
75	84	0.21
75	21	0.586
75	12	0.33
75	63	0.954
75	14	0.491
75	10	0.421
75	59	0.214
75	49	0.658
75	15	0.374
75	7	0.493
75	100	0.381
75	104	0.798
75	9	0.188
75	17	0.398
75	65	0.384
75	34	0.479
75	98	0.347
75	47	0.482
75	28	0.208
75	80	0.152
75	91	0.215
75	18	0.491
75	64	0.475
35	8	0.4
35	49	0.585
35	76	0.441
35	48	0.578
35	15	0.437
35	24	0.416
35	0	0.249
35	36	0.63
35	7	0.422
35	26	0.21
35	19	0.268
35	101	0.669
35	71	0.187
35	103	0.452
35	38	0.424
35	52	0.299
35	100	0.557
35	25	0.28
35	22	0.296
35	69	0.222
35	53	0.169
35	39	0.214
35	104	0.559
35	83	0.154
35	62	0.21
35	82	0.482
35	9	0.171
35	41	0.642
35	17	0.398
35	70	0.155
35	66	0.422
35	94	0.44
35	33	0.195
35	96	0.428
35	73	0.234
35	40	0.631
35	92	0.514
35	3	0.301
35	30	0.396
35	34	0.669
35	98	0.398
35	20	0.347
35	21	0.187
35	47	0.422
35	28	0.42
35	16	0.25
35	44	0.34
35	72	0.298
35	12	0.349
35	50	0.42
35	23	0.349
35	6	0.269
35	2	0.195
35	45	0.347
35	75	0.156
35	29	0.42
35	91	0.268
35	90	0.7
35	14	0.398
35	10	0.252
35	43	0.251
35	32	0.372
35	60	0.448
35	4	0.171
35	13	0.167
35	37	0.296
35	61	0.588
35	31	0.269
35	42	0.161
35	59	0.42
16	85	0.258
16	36	0.672
16	19	0.482
16	86	0.266
16	71	0.161
16	103	0.592
16	69	0.217
16	53	0.601
16	83	0.587
16	70	0.426
16	66	0.718
16	73	0.67
16	40	0.22
16	102	0.5
16	20	0.165
16	72	0.42
16	95	0.329
16	6	0.712
16	90	0.34
16	89	0.402
16	13	0.151
16	37	0.643
16	61	0.592
16	31	0.258
16	54	0.378
16	48	0.426
16	55	0.477
16	51	0.415
16	27	0.191
16	0	0.9
16	79	0.212
16	74	0.197
16	67	0.224
16	26	0.572
16	101	0.481
16	38	0.636
16	52	0.55
16	22	0.251
16	41	0.657
16	35	0.25
16	81	0.398
16	94	0.791
16	33	0.593
16	96	0.602
16	92	0.775
16	77	0.205
16	44	0.236
16	50	0.282
16	23	0.582
16	2	0.756
16	43	0.298
16	32	0.211
16	60	0.241
16	4	0.604
16	8	0.814
16	76	0.257
16	1	0.55
16	24	0.178
16	5	0.497
16	25	0.182
16	39	0.551
16	78	0.173
16	3	0.804
16	30	0.693
16	84	0.716
16	21	0.737
16	12	0.81
16	75	0.189
16	63	0.283
16	14	0.334
16	10	0.247
16	59	0.212
16	49	0.631
16	7	0.694
16	93	0.24
16	100	0.431
16	104	0.807
16	62	0.246
16	82	0.375
16	9	0.563
16	17	0.75
16	65	0.23
16	34	0.697
16	98	0.579
16	47	0.58
16	28	0.248
16	80	0.561
16	91	0.184
16	88	0.16
51	85	0.347
51	36	0.441
51	19	0.351
51	71	0.176
51	103	0.635
51	69	0.163
51	53	0.579
51	57	0.187
51	70	0.449
51	66	0.755
51	73	0.241
51	40	0.228
51	102	0.47
51	20	0.8
51	72	0.186
51	95	0.221
51	6	0.499
51	45	0.344
51	29	0.26
51	89	0.529
51	13	0.185
51	37	0.691
51	61	0.28
51	31	0.509
51	54	0.194
51	48	0.242
51	55	0.25
51	0	0.189
51	67	0.421
51	101	0.256
51	38	0.426
51	52	0.801
51	22	0.154
51	41	0.583
51	94	0.782
51	33	0.422
51	96	0.313
51	92	0.798
51	16	0.415
51	50	0.413
51	2	0.418
51	58	0.183
51	43	0.153
51	60	0.331
51	4	0.307
51	99	0.582
51	8	0.836
51	1	0.19
51	24	0.228
51	78	0.151
51	3	0.193
51	30	0.443
51	84	0.213
51	21	0.199
51	12	0.453
51	75	0.354
51	63	0.347
51	14	0.557
51	10	0.675
51	59	0.718
51	49	0.719
51	11	0.256
51	7	0.59
51	93	0.179
51	100	0.324
51	104	0.84
51	82	0.218
51	17	0.322
51	65	0.15
51	34	0.446
51	98	0.355
51	47	0.53
51	80	0.185
51	91	0.172
51	88	0.23
101	8	0.706
101	76	0.294
101	24	0.51
101	85	0.25
101	36	0.832
101	5	0.205
101	19	0.396
101	71	0.733
101	103	0.64
101	25	0.57
101	69	0.21
101	53	0.459
101	39	0.455
101	70	0.212
101	66	0.793
101	73	0.396
101	40	0.542
101	3	0.451
101	30	0.458
101	102	0.51
101	20	0.56
101	84	0.315
101	21	0.35
101	72	0.444
101	95	0.589
101	12	0.545
101	6	0.347
101	45	0.18
101	75	0.362
101	29	0.784
101	63	0.659
101	90	0.537
101	14	0.784
101	10	0.389
101	89	0.25
101	56	0.197
101	13	0.384
101	37	0.81
101	61	0.709
101	31	0.465
101	54	0.179
101	59	0.294
101	49	0.831
101	48	0.416
101	15	0.471
101	55	0.29
101	51	0.256
101	27	0.277
101	0	0.281
101	7	0.81
101	67	0.434
101	26	0.161
101	38	0.533
101	52	0.629
101	100	0.556
101	22	0.33
101	104	0.832
101	62	0.163
101	82	0.183
101	9	0.243
101	41	0.881
101	35	0.669
101	81	0.186
101	17	0.528
101	68	0.185
101	94	0.845
101	33	0.426
101	96	0.591
101	92	0.856
101	34	0.9
101	98	0.556
101	47	0.871
101	28	0.322
101	16	0.481
101	44	0.57
101	50	0.347
101	23	0.671
101	2	0.678
101	58	0.18
101	91	0.388
101	88	0.265
101	64	0.173
101	43	0.349
101	32	0.344
101	60	0.329
101	4	0.342
26	8	0.957
26	1	0.939
26	24	0.597
26	36	0.354
26	5	0.547
26	19	0.299
26	71	0.16
26	103	0.4
26	25	0.596
26	69	0.187
26	53	0.231
26	39	0.204
26	83	0.585
26	70	0.247
26	66	0.443
26	73	0.988
26	40	0.186
26	3	0.956
26	30	0.252
26	102	0.164
26	20	0.964
26	84	0.952
26	21	0.971
26	72	0.284
26	12	0.952
26	6	0.968
26	45	0.177
26	75	0.199
26	29	0.577
26	14	0.557
26	10	0.954
26	89	0.165
26	13	0.971
26	37	0.249
26	61	0.334
26	31	0.577
26	59	0.187
26	49	0.447
26	15	0.527
26	27	0.553
26	0	0.954
26	7	0.354
26	74	0.155
26	67	0.158
26	101	0.161
26	38	0.36
26	52	0.216
26	100	0.213
26	22	0.957
26	104	0.436
26	9	0.957
26	41	0.422
26	35	0.21
26	81	0.195
26	17	0.967
26	94	0.948
26	33	0.243
26	96	0.444
26	92	0.461
26	77	0.607
26	34	0.347
26	98	0.243
26	47	0.267
26	28	0.526
26	16	0.572
26	80	0.973
26	23	0.976
26	2	0.948
26	64	0.27
26	43	0.267
26	32	0.957
26	60	0.19
26	4	0.965
50	8	0.32
50	24	0.199
50	85	0.186
50	36	0.358
50	5	0.176
50	19	0.24
50	103	0.44
50	25	0.171
50	69	0.228
50	53	0.396
50	57	0.328
50	97	0.172
50	70	0.157
50	66	0.458
50	73	0.167
50	40	0.534
50	3	0.293
50	30	0.265
50	102	0.301
50	20	0.28
50	21	0.153
50	72	0.191
50	95	0.188
50	12	0.349
50	6	0.21
50	45	0.186
50	75	0.18
50	63	0.161
50	90	0.207
50	14	0.311
50	10	0.204
50	89	0.153
50	37	0.406
50	61	0.432
50	31	0.253
50	42	0.233
50	59	0.646
50	49	0.485
50	48	0.442
50	55	0.165
50	51	0.413
50	0	0.201
50	7	0.414
50	101	0.347
50	38	0.33
50	52	0.37
50	100	0.396
50	22	0.196
50	104	0.705
50	82	0.187
50	41	0.444
50	35	0.42
50	17	0.447
50	65	0.188
50	94	0.473
50	33	0.205
50	96	0.331
50	92	0.699
50	34	0.424
50	98	0.254
50	47	0.347
50	28	0.187
50	16	0.282
50	44	0.21
50	23	0.185
50	2	0.307
50	91	0.211
50	18	0.152
50	64	0.302
50	43	0.372
50	60	0.305
50	4	0.172
50	99	0.473
95	8	0.289
95	85	0.283
95	36	0.282
95	5	0.198
95	103	0.573
95	25	0.275
95	53	0.674
95	57	0.178
95	39	0.532
95	70	0.4
95	66	0.701
95	40	0.192
95	3	0.196
95	30	0.253
95	102	0.156
95	20	0.348
95	84	0.225
95	12	0.299
95	63	0.427
95	90	0.315
95	14	0.385
95	10	0.224
95	37	0.655
95	61	0.186
95	31	0.271
95	54	0.226
95	49	0.426
95	48	0.317
95	11	0.179
95	55	0.317
95	51	0.221
95	27	0.157
95	0	0.274
95	7	0.441
95	101	0.589
95	38	0.185
95	52	0.559
95	22	0.257
95	104	0.751
95	41	0.449
95	81	0.212
95	17	0.331
95	94	0.535
95	33	0.256
95	96	0.181
95	92	0.562
95	34	0.33
95	47	0.6
95	16	0.329
95	50	0.188
95	2	0.23
95	91	0.244
95	43	0.194
95	60	0.25
15	8	0.644
15	1	0.498
15	24	0.571
15	85	0.189
15	36	0.669
15	5	0.527
15	19	0.187
15	71	0.161
15	103	0.414
15	25	0.18
15	69	0.173
15	53	0.292
15	83	0.281
15	70	0.244
15	66	0.449
15	73	0.536
15	3	0.523
15	30	0.296
15	102	0.167
15	20	0.259
15	84	0.473
15	72	0.159
15	12	0.474
15	6	0.593
15	75	0.374
15	29	0.305
15	90	0.187
15	14	0.643
15	89	0.21
15	13	0.576
15	37	0.297
15	61	0.377
15	59	0.185
15	49	0.426
15	48	0.171
15	55	0.185
15	27	0.152
15	0	0.445
15	7	0.473
15	26	0.527
15	101	0.471
15	38	0.4
15	52	0.313
15	100	0.243
15	22	0.515
15	104	0.473
15	62	0.167
15	9	0.444
15	41	0.784
15	35	0.437
15	17	0.526
15	94	0.567
15	33	0.237
15	96	0.398
15	92	0.441
15	77	0.378
15	34	0.827
15	98	0.39
15	47	0.292
15	44	0.186
15	80	0.389
15	23	0.535
15	2	0.424
15	43	0.224
15	32	0.3
15	60	0.15
15	4	0.473
89	85	0.555
89	36	0.315
89	19	0.269
89	103	0.4
89	53	0.308
89	83	0.226
89	70	0.236
89	66	0.612
89	73	0.639
89	40	0.163
89	102	0.304
89	20	0.482
89	72	0.453
89	6	0.265
89	29	0.333
89	90	0.559
89	13	0.266
89	37	0.714
89	61	0.189
89	31	0.433
89	54	0.774
89	48	0.448
89	55	0.768
89	51	0.529
89	27	0.204
89	0	0.186
89	79	0.927
89	74	0.313
89	26	0.165
89	101	0.25
89	38	0.311
89	52	0.51
89	22	0.161
89	41	0.473
89	81	0.374
89	94	0.599
89	33	0.95
89	96	0.297
89	92	0.556
89	16	0.402
89	50	0.153
89	23	0.171
89	2	0.35
89	32	0.217
89	4	0.345
89	8	0.451
89	76	0.61
89	1	0.229
89	24	0.286
89	5	0.296
89	25	0.265
89	39	0.232
89	78	0.315
89	3	0.425
89	30	0.473
89	84	0.306
89	21	0.218
89	12	0.501
89	75	0.292
89	63	0.828
89	14	0.809
89	10	0.396
89	56	0.646
89	59	0.165
89	49	0.671
89	15	0.21
89	11	0.35
89	7	0.441
89	100	0.188
89	104	0.978
89	62	0.355
89	82	0.347
89	9	0.322
89	17	0.593
89	34	0.653
89	98	0.347
89	47	0.676
89	28	0.335
89	80	0.332
89	88	0.417
89	64	0.186
12	85	0.395
12	36	0.701
12	19	0.484
12	86	0.328
12	71	0.212
12	103	0.698
12	69	0.265
12	53	0.744
12	57	0.158
12	83	0.569
12	70	0.388
12	66	0.813
12	73	0.969
12	40	0.681
12	102	0.619
12	20	0.986
12	72	0.43
12	95	0.299
12	6	0.969
12	29	0.823
12	90	0.468
12	89	0.501
12	13	0.954
12	37	0.953
12	61	0.642
12	31	0.842
12	54	0.681
12	48	0.502
12	55	0.616
12	51	0.453
12	27	0.517
12	0	0.988
12	79	0.337
12	74	0.221
12	67	0.294
12	26	0.952
12	101	0.545
12	38	0.651
12	52	0.666
12	22	0.963
12	41	0.704
12	35	0.349
12	81	0.52
12	94	0.985
12	33	0.684
12	96	0.63
12	92	0.983
12	16	0.81
12	44	0.473
12	50	0.349
12	23	0.953
12	2	0.98
12	43	0.491
12	32	0.956
12	60	0.36
12	4	0.965
12	8	0.987
12	76	0.93
12	1	0.909
12	24	0.674
12	5	0.543
12	25	0.601
12	39	0.174
12	78	0.315
12	3	0.979
12	30	0.802
12	84	0.969
12	21	0.957
12	75	0.33
12	63	0.398
12	14	0.902
12	10	0.978
12	56	0.293
12	59	0.222
12	49	0.912
12	15	0.474
12	11	0.209
12	7	0.791
12	93	0.415
12	100	0.649
12	104	0.974
12	62	0.29
12	82	0.489
12	9	0.959
12	17	0.988
12	65	0.239
12	34	0.707
12	98	0.551
12	47	0.758
12	28	0.576
12	80	0.909
12	18	0.245
12	88	0.332
12	64	0.228
73	85	0.473
73	36	0.476
73	19	0.586
73	86	0.224
73	71	0.237
73	103	0.582
73	69	0.186
73	53	0.386
73	83	0.631
73	70	0.281
73	66	0.812
73	40	0.282
73	102	0.311
73	20	0.981
73	72	0.729
73	6	0.975
73	29	0.969
73	90	0.356
73	89	0.639
73	13	0.983
73	37	0.536
73	61	0.39
73	31	0.715
73	54	0.719
73	48	0.491
73	55	0.85
73	51	0.241
73	27	0.479
73	0	0.959
73	79	0.515
73	74	0.32
73	67	0.163
73	26	0.988
73	101	0.396
73	38	0.53
73	52	0.511
73	22	0.954
73	41	0.588
73	35	0.234
73	81	0.514
73	68	0.224
73	94	0.972
73	33	0.645
73	96	0.62
73	92	0.797
73	77	0.685
73	16	0.67
73	44	0.242
73	50	0.167
73	23	0.951
73	2	0.971
73	43	0.157
73	32	0.962
73	4	0.976
73	8	0.976
73	76	0.55
73	1	0.963
73	24	0.654
73	5	0.766
73	25	0.526
73	39	0.254
73	78	0.355
73	3	0.965
73	30	0.863
73	84	0.966
73	21	0.976
73	12	0.969
73	75	0.571
73	63	0.735
73	14	0.801
73	10	0.965
73	56	0.493
73	49	0.748
73	15	0.536
73	11	0.552
73	7	0.669
73	100	0.292
73	104	0.839
73	62	0.585
73	82	0.455
73	9	0.962
73	17	0.983
73	65	0.159
73	34	0.533
73	98	0.56
73	47	0.51
73	28	0.532
73	80	0.975
73	91	0.28
73	18	0.165
73	88	0.246
73	64	0.167
63	85	0.364
63	36	0.311
63	19	0.924
63	86	0.172
63	71	0.43
63	103	0.473
63	69	0.931
63	53	0.422
63	57	0.251
63	83	0.191
63	70	0.941
63	66	0.934
63	73	0.735
63	40	0.639
63	102	0.355
63	20	0.473
63	72	0.33
63	95	0.427
63	6	0.238
63	29	0.188
63	90	0.422
63	89	0.828
63	13	0.4
63	37	0.821
63	61	0.28
63	31	0.719
63	54	0.398
63	48	0.669
63	55	0.698
63	51	0.347
63	74	0.195
63	101	0.659
63	38	0.659
63	52	0.474
63	22	0.193
63	41	0.736
63	81	0.267
63	68	0.269
63	94	0.769
63	33	0.899
63	96	0.559
63	92	0.599
63	16	0.283
63	44	0.163
63	50	0.161
63	23	0.187
63	2	0.304
63	32	0.158
63	60	0.242
63	4	0.72
63	8	0.758
63	76	0.242
63	1	0.231
63	24	0.3
63	5	0.182
63	25	0.186
63	39	0.539
63	3	0.355
63	30	0.425
63	84	0.259
63	21	0.41
63	12	0.398
63	75	0.954
63	14	0.766
63	10	0.297
63	56	0.167
63	59	0.434
63	49	0.882
63	11	0.507
63	7	0.57
63	100	0.386
63	104	0.916
63	62	0.15
63	82	0.284
63	9	0.499
63	17	0.643
63	65	0.398
63	34	0.429
63	98	0.691
63	47	0.473
63	28	0.163
63	80	0.221
63	91	0.412
63	18	0.327
63	88	0.187
63	64	0.441
104	85	0.839
104	36	0.893
104	19	0.741
104	71	0.554
104	57	0.295
104	83	0.437
104	70	0.806
104	66	0.984
104	40	0.736
104	102	0.824
104	20	0.934
104	72	0.768
104	90	0.925
104	89	0.978
104	13	0.567
104	37	0.984
104	61	0.767
104	31	0.916
104	54	0.831
104	42	0.329
104	55	0.857
104	51	0.84
104	79	0.474
104	67	0.517
104	26	0.436
104	52	0.939
104	35	0.559
104	81	0.679
104	68	0.282
104	33	0.976
104	96	0.882
104	92	0.997
104	16	0.807
104	44	0.531
104	23	0.511
104	2	0.932
104	32	0.576
104	4	0.633
104	99	0.374
104	8	0.884
104	1	0.774
104	30	0.921
104	21	0.574
104	12	0.974
104	75	0.798
104	14	0.982
104	10	0.829
104	56	0.517
104	17	0.873
104	65	0.448
104	98	0.86
104	47	0.872
104	28	0.6
104	64	0.371
104	86	0.671
104	103	0.959
104	69	0.353
104	53	0.946
104	73	0.839
104	95	0.751
104	6	0.687
104	45	0.722
104	29	0.808
104	48	0.887
104	27	0.407
104	0	0.747
104	74	0.429
104	101	0.832
104	38	0.883
104	22	0.562
104	105	0.163
104	41	0.996
104	94	0.985
104	50	0.705
104	58	0.528
104	43	0.517
104	60	0.725
104	76	0.877
104	24	0.676
104	5	0.39
104	25	0.55
104	39	0.865
104	97	0.258
104	78	0.422
104	3	0.837
104	84	0.681
104	63	0.916
104	59	0.671
104	49	0.971
104	15	0.473
104	11	0.833
104	7	0.959
104	93	0.555
104	100	0.749
104	62	0.701
104	82	0.801
104	9	0.69
104	34	0.988
104	80	0.555
104	91	0.423
104	18	0.483
104	88	0.719
91	8	0.266
91	24	0.254
91	85	0.187
91	36	0.181
91	5	0.236
91	103	0.21
91	25	0.233
91	69	0.169
91	53	0.177
91	66	0.334
91	73	0.28
91	30	0.197
91	20	0.167
91	84	0.435
91	21	0.191
91	72	0.204
91	95	0.244
91	6	0.173
91	75	0.215
91	63	0.412
91	14	0.401
91	10	0.242
91	13	0.154
91	37	0.536
91	61	0.163
91	31	0.173
91	59	0.304
91	49	0.358
91	48	0.292
91	55	0.159
91	51	0.172
91	7	0.482
91	101	0.388
91	38	0.283
91	52	0.189
91	100	0.165
91	22	0.212
91	104	0.423
91	9	0.167
91	41	0.358
91	35	0.268
91	17	0.27
91	68	0.207
91	94	0.307
91	33	0.974
91	96	0.244
91	92	0.416
91	34	0.325
91	98	0.229
91	47	0.226
91	28	0.242
91	16	0.184
91	50	0.211
91	43	0.294
91	60	0.315
66	85	0.785
66	36	0.874
66	19	0.979
66	71	0.615
66	57	0.185
66	83	0.454
66	70	0.961
66	40	0.65
66	102	0.787
66	20	0.94
66	72	0.591
66	90	0.681
66	89	0.612
66	13	0.575
66	37	0.989
66	61	0.714
66	31	0.891
66	54	0.64
66	42	0.25
66	55	0.692
66	51	0.755
66	79	0.526
66	67	0.215
66	26	0.443
66	52	0.975
66	35	0.422
66	81	0.649
66	68	0.418
66	33	0.914
66	96	0.752
66	92	0.997
66	16	0.718
66	44	0.442
66	23	0.491
66	2	0.762
66	32	0.7
66	4	0.763
66	99	0.382
66	8	0.88
66	1	0.445
66	30	0.827
66	21	0.581
66	12	0.813
66	75	0.982
66	14	0.971
66	10	0.912
66	56	0.442
66	17	0.859
66	65	0.633
66	98	0.745
66	47	0.903
66	28	0.549
66	64	0.601
66	86	0.44
66	103	0.957
66	69	0.921
66	53	0.944
66	73	0.812
66	95	0.701
66	6	0.643
66	45	0.424
66	29	0.763
66	48	0.777
66	27	0.373
66	0	0.47
66	74	0.382
66	101	0.793
66	38	0.897
66	22	0.538
66	105	0.167
66	41	0.992
66	94	0.973
66	50	0.458
66	58	0.625
66	43	0.443
66	60	0.68
66	76	0.864
66	24	0.663
66	5	0.258
66	25	0.532
66	39	0.75
66	97	0.207
66	78	0.597
66	3	0.672
66	84	0.801
66	63	0.934
66	59	0.437
66	49	0.912
66	15	0.449
66	11	0.63
66	7	0.956
66	93	0.608
66	100	0.684
66	104	0.984
66	62	0.4
66	82	0.608
66	9	0.571
66	34	0.992
66	80	0.481
66	91	0.334
66	18	0.594
66	88	0.617
25	8	0.668
25	76	0.298
25	1	0.476
25	24	0.712
25	85	0.216
25	36	0.673
25	5	0.464
25	19	0.483
25	71	0.29
25	103	0.409
25	53	0.36
25	57	0.167
25	39	0.175
25	83	0.575
25	70	0.286
25	66	0.532
25	73	0.526
25	3	0.636
25	30	0.44
25	102	0.296
25	20	0.597
25	84	0.551
25	21	0.672
25	72	0.19
25	95	0.275
25	12	0.601
25	6	0.741
25	75	0.186
25	29	0.233
25	63	0.186
25	90	0.198
25	14	0.158
25	10	0.197
25	89	0.265
25	56	0.155
25	13	0.784
25	37	0.454
25	61	0.44
25	31	0.172
25	49	0.514
25	48	0.337
25	15	0.18
25	55	0.185
25	27	0.678
25	0	0.491
25	7	0.543
25	74	0.175
25	26	0.596
25	101	0.57
25	93	0.174
25	38	0.504
25	52	0.374
25	100	0.188
25	22	0.673
25	104	0.55
25	62	0.15
25	9	0.548
25	41	0.669
25	35	0.28
25	81	0.161
25	17	0.579
25	68	0.159
25	94	0.616
25	33	0.452
25	96	0.423
25	92	0.569
25	77	0.22
25	34	0.681
25	98	0.473
25	47	0.371
25	28	0.295
25	16	0.182
25	44	0.212
25	80	0.459
25	50	0.171
25	23	0.548
25	2	0.577
25	91	0.233
25	64	0.379
25	43	0.165
25	32	0.65
25	60	0.214
25	4	0.651
70	85	0.526
70	36	0.683
70	19	0.948
70	86	0.225
70	71	0.313
70	103	0.736
70	69	0.945
70	53	0.748
70	83	0.157
70	66	0.961
70	73	0.281
70	40	0.189
70	102	0.461
70	20	0.481
70	72	0.211
70	95	0.4
70	29	0.469
70	90	0.269
70	89	0.236
70	13	0.356
70	37	0.853
70	61	0.465
70	31	0.609
70	54	0.152
70	48	0.171
70	55	0.296
70	51	0.449
70	27	0.243
70	0	0.193
70	79	0.163
70	74	0.258
70	26	0.247
70	101	0.212
70	38	0.544
70	52	0.796
70	22	0.288
70	41	0.715
70	35	0.155
70	81	0.21
70	68	0.252
70	94	0.612
70	33	0.456
70	96	0.54
70	92	0.806
70	16	0.426
70	50	0.157
70	23	0.297
70	2	0.291
70	58	0.385
70	32	0.311
70	4	0.513
70	8	0.544
70	76	0.163
70	24	0.279
70	25	0.286
70	39	0.457
70	3	0.272
70	30	0.567
70	84	0.25
70	21	0.414
70	12	0.388
70	75	0.925
70	63	0.941
70	14	0.502
70	10	0.579
70	49	0.523
70	15	0.244
70	7	0.677
70	93	0.355
70	100	0.293
70	104	0.806
70	82	0.349
70	9	0.214
70	17	0.422
70	65	0.28
70	34	0.604
70	98	0.592
70	47	0.429
70	28	0.205
70	80	0.174
70	18	0.449
70	64	0.418
99	8	0.587
99	49	0.268
99	11	0.398
99	51	0.582
99	36	0.187
99	7	0.186
99	103	0.293
99	38	0.266
99	52	0.51
99	57	0.354
99	104	0.374
99	41	0.269
99	94	0.292
99	66	0.382
99	40	0.212
99	92	0.574
99	30	0.242
99	34	0.252
99	20	0.295
99	47	0.325
99	50	0.473
99	6	0.252
99	14	0.213
99	10	0.186
99	60	0.538
99	37	0.208
99	31	0.214
99	59	0.164
92	85	0.82
92	36	0.922
92	19	0.802
92	71	0.925
92	57	0.248
92	83	0.459
92	70	0.806
92	66	0.997
92	40	0.845
92	102	0.974
92	20	0.993
92	72	0.548
92	90	0.532
92	89	0.556
92	13	0.57
92	37	0.996
92	61	0.817
92	31	0.982
92	54	0.653
92	42	0.383
92	55	0.659
92	51	0.798
92	79	0.347
92	67	0.459
92	26	0.461
92	52	0.946
92	35	0.514
92	81	0.641
92	68	0.213
92	33	0.982
92	96	0.809
92	16	0.775
92	44	0.471
92	23	0.513
92	2	0.979
92	32	0.484
92	4	0.637
92	99	0.574
92	8	0.991
92	1	0.526
92	30	0.987
92	21	0.956
92	12	0.983
92	75	0.802
92	14	0.995
92	10	0.98
92	56	0.317
92	17	0.979
92	65	0.459
92	98	0.74
92	47	0.991
92	28	0.621
92	64	0.416
92	86	0.311
92	103	0.957
92	69	0.346
92	53	0.973
92	73	0.797
92	95	0.562
92	6	0.641
92	45	0.757
92	29	0.82
92	48	0.671
92	27	0.324
92	0	0.646
92	74	0.349
92	101	0.856
92	38	0.846
92	22	0.573
92	41	0.972
92	94	0.996
92	50	0.699
92	58	0.968
92	43	0.4
92	60	0.854
92	76	0.605
92	24	0.971
92	5	0.284
92	25	0.569
92	39	0.788
92	97	0.242
92	78	0.227
92	3	0.767
92	84	0.676
92	63	0.599
92	59	0.598
92	49	0.971
92	15	0.441
92	11	0.706
92	7	0.993
92	93	0.966
92	100	0.722
92	104	0.997
92	62	0.382
92	82	0.952
92	9	0.544
92	34	0.954
92	80	0.465
92	91	0.416
92	18	0.51
92	88	0.293
2	85	0.265
2	36	0.573
2	19	0.34
2	71	0.171
2	103	0.537
2	69	0.222
2	53	0.681
2	57	0.179
2	83	0.577
2	70	0.291
2	66	0.762
2	73	0.971
2	40	0.417
2	102	0.551
2	20	0.981
2	72	0.275
2	95	0.23
2	6	0.978
2	29	0.692
2	90	0.369
2	89	0.35
2	13	0.96
2	37	0.906
2	61	0.457
2	31	0.851
2	54	0.549
2	48	0.41
2	55	0.403
2	51	0.418
2	27	0.448
2	0	0.969
2	79	0.227
2	67	0.247
2	26	0.948
2	101	0.678
2	38	0.531
2	52	0.581
2	22	0.957
2	41	0.607
2	35	0.195
2	81	0.35
2	94	0.983
2	33	0.564
2	96	0.47
2	92	0.979
2	16	0.756
2	44	0.298
2	50	0.307
2	23	0.939
2	58	0.174
2	43	0.446
2	32	0.946
2	60	0.323
2	4	0.957
2	8	0.979
2	76	0.19
2	1	0.91
2	24	0.588
2	5	0.315
2	25	0.577
2	39	0.155
2	3	0.964
2	30	0.744
2	84	0.958
2	21	0.953
2	12	0.98
2	75	0.282
2	63	0.304
2	14	0.903
2	10	0.978
2	56	0.187
2	59	0.171
2	49	0.852
2	15	0.424
2	7	0.71
2	93	0.39
2	100	0.568
2	104	0.932
2	62	0.185
2	82	0.32
2	9	0.954
2	17	0.979
2	65	0.269
2	34	0.593
2	98	0.375
2	47	0.676
2	28	0.489
2	80	0.927
2	88	0.281
2	64	0.203
40	8	0.473
40	24	0.315
40	85	0.167
40	36	0.67
40	19	0.467
40	71	0.267
40	103	0.683
40	53	0.211
40	39	0.392
40	97	0.445
40	70	0.189
40	66	0.65
40	73	0.282
40	3	0.399
40	30	0.473
40	102	0.297
40	20	0.408
40	84	0.173
40	21	0.25
40	72	0.199
40	95	0.192
40	12	0.681
40	6	0.325
40	45	0.269
40	75	0.356
40	29	0.295
40	63	0.639
40	90	0.266
40	14	0.473
40	10	0.33
40	89	0.163
40	13	0.23
40	37	0.473
40	61	0.687
40	31	0.398
40	54	0.171
40	42	0.156
40	59	0.422
40	49	0.897
40	48	0.445
40	11	0.163
40	51	0.228
40	7	0.64
40	67	0.293
40	26	0.186
40	101	0.542
40	93	0.21
40	38	0.571
40	52	0.629
40	100	0.908
40	22	0.211
40	104	0.736
40	62	0.223
40	82	0.342
40	105	0.247
40	41	0.709
40	35	0.631
40	17	0.646
40	94	0.569
40	33	0.248
40	96	0.56
40	92	0.845
40	34	0.679
40	98	0.413
40	47	0.726
40	28	0.187
40	16	0.22
40	44	0.51
40	50	0.534
40	23	0.497
40	2	0.417
40	58	0.212
40	18	0.169
40	64	0.184
40	43	0.359
40	60	0.587
40	4	0.653
40	99	0.212
69	8	0.327
69	1	0.154
69	24	0.247
69	85	0.189
69	36	0.205
69	19	0.942
69	71	0.367
69	103	0.295
69	53	0.213
69	57	0.174
69	83	0.329
69	70	0.945
69	66	0.921
69	73	0.186
69	3	0.212
69	30	0.17
69	102	0.159
69	20	0.324
69	84	0.2
69	21	0.282
69	12	0.265
69	6	0.281
69	45	0.15
69	75	0.939
69	29	0.158
69	63	0.931
69	90	0.171
69	14	0.284
69	10	0.269
69	13	0.368
69	37	0.238
69	61	0.236
69	31	0.289
69	59	0.292
69	49	0.294
69	48	0.169
69	87	0.439
69	15	0.173
69	51	0.163
69	0	0.171
69	7	0.234
69	67	0.22
69	26	0.187
69	101	0.21
69	38	0.233
69	52	0.326
69	100	0.183
69	22	0.195
69	104	0.353
69	82	0.167
69	9	0.167
69	41	0.248
69	35	0.222
69	17	0.29
69	65	0.47
69	68	0.4
69	94	0.288
69	33	0.211
69	96	0.225
69	92	0.346
69	34	0.297
69	47	0.225
69	28	0.26
69	16	0.217
69	80	0.165
69	50	0.228
69	23	0.161
69	2	0.222
69	91	0.169
69	18	0.414
69	64	0.515
69	43	0.161
69	32	0.211
69	60	0.225
69	4	0.267
20	85	0.491
20	36	0.826
20	19	0.818
20	86	0.165
20	71	0.403
20	103	0.795
20	69	0.324
20	53	0.676
20	57	0.169
20	83	0.339
20	70	0.481
20	66	0.94
20	73	0.981
20	40	0.408
20	102	0.59
20	72	0.511
20	95	0.348
20	6	0.981
20	45	0.246
20	29	0.311
20	90	0.441
20	89	0.482
20	13	0.972
20	37	0.88
20	61	0.773
20	31	0.208
20	54	0.706
20	48	0.535
20	55	0.6
20	51	0.8
20	0	0.965
20	79	0.345
20	74	0.244
20	67	0.187
20	26	0.964
20	101	0.56
20	38	0.785
20	52	0.771
20	22	0.966
20	41	0.811
20	35	0.347
20	81	0.531
20	68	0.163
20	94	0.993
20	33	0.687
20	96	0.754
20	92	0.993
20	77	0.556
20	16	0.165
20	44	0.329
20	50	0.28
20	23	0.977
20	2	0.981
20	58	0.257
20	43	0.216
20	32	0.929
20	60	0.29
20	4	0.967
20	99	0.295
20	8	0.995
20	76	0.438
20	1	0.973
20	24	0.252
20	5	0.567
20	25	0.597
20	39	0.612
20	78	0.253
20	3	0.975
20	30	0.826
20	84	0.974
20	21	0.919
20	12	0.986
20	75	0.508
20	63	0.473
20	14	0.432
20	10	0.932
20	56	0.328
20	59	0.443
20	49	0.824
20	15	0.259
20	11	0.286
20	7	0.858
20	93	0.444
20	100	0.472
20	104	0.934
20	62	0.358
20	82	0.44
20	9	0.963
20	17	0.979
20	65	0.312
20	34	0.825
20	98	0.687
20	47	0.717
20	28	0.195
20	80	0.99
20	91	0.167
20	18	0.298
20	88	0.189
20	64	0.368
31	85	0.607
31	36	0.727
31	19	0.58
31	86	0.215
31	71	0.301
31	103	0.724
31	69	0.289
31	53	0.705
31	83	0.707
31	70	0.609
31	66	0.891
31	73	0.715
31	40	0.398
31	102	0.63
31	20	0.208
31	72	0.475
31	95	0.271
31	6	0.742
31	45	0.215
31	29	0.271
31	90	0.62
31	89	0.433
31	13	0.182
31	37	0.945
31	61	0.689
31	54	0.425
31	42	0.212
31	48	0.422
31	55	0.702
31	51	0.509
31	0	0.581
31	79	0.222
31	67	0.205
31	26	0.577
31	101	0.465
31	38	0.702
31	52	0.769
31	22	0.215
31	41	0.747
31	35	0.269
31	81	0.453
31	68	0.188
31	94	0.866
31	33	0.64
31	96	0.694
31	92	0.982
31	77	0.32
31	16	0.258
31	44	0.209
31	50	0.253
31	23	0.51
31	2	0.851
31	43	0.185
31	32	0.163
31	60	0.242
31	4	0.69
31	99	0.214
31	8	0.907
31	76	0.379
31	1	0.57
31	24	0.197
31	5	0.452
31	25	0.172
31	39	0.385
31	78	0.155
31	3	0.743
31	30	0.764
31	84	0.698
31	21	0.715
31	12	0.842
31	75	0.436
31	63	0.719
31	14	0.244
31	10	0.983
31	56	0.21
31	59	0.195
31	49	0.745
31	11	0.25
31	7	0.793
31	93	0.188
31	100	0.431
31	104	0.916
31	62	0.311
31	82	0.33
31	9	0.591
31	17	0.742
31	65	0.284
31	34	0.851
31	98	0.655
31	47	0.694
31	28	0.297
31	80	0.619
31	91	0.173
31	18	0.226
31	88	0.171
31	64	0.509
28	8	0.68
28	76	0.368
28	1	0.495
28	24	0.15
28	85	0.252
28	36	0.426
28	5	0.496
28	19	0.345
28	103	0.336
28	25	0.295
28	69	0.26
28	53	0.309
28	83	0.577
28	70	0.205
28	66	0.549
28	73	0.532
28	40	0.187
28	3	0.536
28	30	0.32
28	102	0.388
28	20	0.195
28	84	0.447
28	21	0.798
28	72	0.163
28	12	0.576
28	6	0.606
28	75	0.208
28	29	0.858
28	63	0.163
28	90	0.351
28	14	0.689
28	10	0.229
28	89	0.335
28	13	0.645
28	37	0.446
28	61	0.309
28	31	0.297
28	54	0.246
28	59	0.171
28	49	0.445
28	48	0.25
28	55	0.19
28	0	0.447
28	7	0.507
28	67	0.314
28	26	0.526
28	101	0.322
28	93	0.243
28	38	0.381
28	52	0.39
28	100	0.218
28	22	0.615
28	104	0.6
28	9	0.502
28	41	0.751
28	35	0.42
28	81	0.286
28	17	0.609
28	94	0.655
28	33	0.493
28	96	0.414
28	92	0.621
28	77	0.291
28	34	0.591
28	98	0.264
28	47	0.384
28	16	0.248
28	80	0.491
28	50	0.187
28	23	0.473
28	2	0.489
28	91	0.242
28	64	0.189
28	43	0.163
28	32	0.6
28	60	0.167
28	4	0.644
56	85	0.5
56	36	0.21
56	19	0.185
56	86	0.44
56	103	0.309
56	53	0.374
56	83	0.203
56	66	0.442
56	73	0.493
56	20	0.328
56	72	0.489
56	29	0.222
56	90	0.359
56	89	0.646
56	13	0.169
56	37	0.356
56	61	0.171
56	31	0.21
56	54	0.655
56	48	0.311
56	55	0.981
56	79	0.697
56	74	0.365
56	101	0.197
56	38	0.195
56	52	0.248
56	41	0.296
56	81	0.167
56	94	0.491
56	33	0.309
56	96	0.242
56	92	0.317
56	2	0.187
56	58	0.382
56	8	0.286
56	76	0.212
56	1	0.167
56	24	0.185
56	5	0.175
56	25	0.155
56	78	0.556
56	3	0.197
56	30	0.398
56	84	0.231
56	12	0.293
56	63	0.167
56	14	0.443
56	49	0.212
56	11	0.295
56	7	0.398
56	93	0.26
56	104	0.517
56	62	0.427
56	82	0.4
56	9	0.159
56	17	0.174
56	34	0.248
56	98	0.356
56	47	0.229
56	80	0.41
56	88	0.205
10	85	0.449
10	36	0.723
10	19	0.62
10	86	0.214
10	71	0.258
10	103	0.733
10	69	0.269
10	53	0.719
10	83	0.712
10	70	0.579
10	66	0.912
10	73	0.965
10	40	0.33
10	102	0.616
10	20	0.932
10	72	0.349
10	95	0.224
10	6	0.973
10	45	0.267
10	29	0.911
10	90	0.658
10	89	0.396
10	13	0.912
10	37	0.936
10	61	0.693
10	31	0.983
10	54	0.426
10	42	0.173
10	48	0.335
10	55	0.473
10	51	0.675
10	27	0.153
10	0	0.952
10	79	0.217
10	74	0.15
10	67	0.248
10	26	0.954
10	101	0.389
10	38	0.746
10	52	0.777
10	22	0.918
10	41	0.745
10	35	0.252
10	81	0.396
10	68	0.204
10	94	0.991
10	33	0.605
10	96	0.72
10	92	0.98
10	77	0.247
10	16	0.247
10	44	0.161
10	50	0.204
10	23	0.945
10	2	0.978
10	43	0.188
10	32	0.913
10	60	0.214
10	4	0.965
10	99	0.186
10	8	0.991
10	76	0.607
10	1	0.952
10	24	0.195
10	5	0.421
10	25	0.197
10	39	0.333
10	3	0.971
10	30	0.76
10	84	0.966
10	21	0.925
10	12	0.978
10	75	0.421
10	63	0.297
10	14	0.512
10	59	0.24
10	49	0.739
10	11	0.165
10	7	0.765
10	93	0.23
10	100	0.415
10	104	0.829
10	62	0.266
10	82	0.308
10	9	0.953
10	17	0.97
10	65	0.317
10	34	0.741
10	98	0.602
10	47	0.66
10	28	0.229
10	80	0.955
10	91	0.242
10	18	0.191
10	88	0.169
10	64	0.61
27	8	0.542
27	1	0.393
27	36	0.294
27	5	0.432
27	19	0.163
27	103	0.286
27	25	0.678
27	53	0.333
27	83	0.488
27	70	0.243
27	66	0.373
27	73	0.479
27	3	0.574
27	30	0.351
27	102	0.17
27	84	0.473
27	21	0.52
27	95	0.157
27	12	0.517
27	6	0.511
27	29	0.582
27	90	0.161
27	14	0.873
27	10	0.153
27	89	0.204
27	13	0.526
27	37	0.324
27	61	0.227
27	49	0.282
27	48	0.244
27	87	0.165
27	15	0.152
27	0	0.457
27	7	0.349
27	74	0.187
27	26	0.553
27	101	0.277
27	38	0.338
27	52	0.163
27	22	0.622
27	104	0.407
27	62	0.163
27	9	0.484
27	41	0.593
27	81	0.171
27	17	0.572
27	94	0.507
27	33	0.3
27	96	0.3
27	92	0.324
27	77	0.268
27	34	0.347
27	98	0.296
27	47	0.287
27	16	0.191
27	80	0.336
27	23	0.513
27	2	0.448
27	43	0.173
27	32	0.187
27	60	0.157
27	4	0.557
