26	42	0.28300000000000003
26	39	0.6970000000000001
26	13	0.42
26	35	0.319
26	29	0.185
26	74	0.354
26	33	0.194
26	95	0.319
26	27	0.522
26	85	0.34600000000000003
26	0	0.526
26	36	0.287
26	14	0.39
26	18	0.527
26	78	0.239
26	96	0.495
26	89	0.171
26	1	0.272
26	10	0.312
26	75	0.19
26	6	0.48
26	32	0.491
26	84	0.723
26	50	0.162
26	53	0.171
26	7	0.5760000000000001
26	3	0.43
26	67	0.161
26	5	0.193
26	15	0.517
26	48	0.362
26	19	0.297
26	77	0.316
26	93	0.234
26	31	0.345
26	4	0.507
26	62	0.447
26	86	0.53
26	81	0.192
26	57	0.189
26	82	0.198
26	30	0.465
26	44	0.333
26	21	0.35200000000000004
26	11	0.279
26	63	0.315
26	28	0.196
26	34	0.307
26	2	0.487
26	49	0.181
26	9	0.609
26	87	0.408
26	24	0.398
26	8	0.424
26	68	0.457
26	71	0.159
16	78	0.16699999999999998
16	96	0.306
16	10	0.171
16	89	0.16899999999999998
16	92	0.194
16	91	0.161
16	32	0.765
16	6	0.305
16	84	0.304
16	25	0.342
16	7	0.307
16	3	0.21
16	15	0.408
16	19	0.215
16	48	0.231
16	86	0.407
16	4	0.277
16	62	0.321
16	57	0.188
16	21	0.275
16	44	0.215
16	34	0.48
16	2	0.236
16	23	0.185
16	9	0.333
16	65	0.229
16	24	0.246
16	87	0.165
16	77	0.483
16	8	0.28600000000000003
16	68	0.258
16	42	0.185
16	74	0.205
16	13	0.277
16	35	0.2
16	39	0.738
16	95	0.277
16	85	0.206
16	27	0.154
16	18	0.304
16	36	0.161
16	14	0.215
16	22	0.408
16	0	0.181
77	78	0.277
77	26	0.316
77	96	0.551
77	51	0.25
77	1	0.24
77	89	0.151
77	10	0.597
77	75	0.224
77	43	0.172
77	32	0.37
77	6	0.407
77	84	0.483
77	20	0.648
77	25	0.187
77	50	0.188
77	64	0.18600000000000005
77	7	0.462
77	31	0.307
77	67	0.16899999999999998
77	16	0.483
77	3	0.361
77	83	0.184
77	15	0.664
77	70	0.183
77	48	0.6409999999999999
77	19	0.327
77	5	0.174
77	4	0.385
77	62	0.725
77	30	0.281
77	81	0.24
77	86	0.531
77	57	0.192
77	44	0.34
77	21	0.424
77	11	0.472
77	28	0.358
77	59	0.304
77	79	0.177
77	2	0.217
77	34	0.31
77	23	0.287
77	49	0.239
77	17	0.468
77	9	0.5529999999999999
77	65	0.162
77	87	0.215
77	24	0.307
77	71	0.483
77	46	0.392
77	8	0.403
77	68	0.708
77	42	0.327
77	29	0.5329999999999999
77	74	0.276
77	35	0.6629999999999999
77	13	0.447
77	39	0.726
77	85	0.159
77	95	0.369
77	76	0.16899999999999998
77	73	0.33
77	14	0.408
77	27	0.472
77	36	0.324
77	0	0.222
77	22	0.703
77	18	0.439
58	0	0.153
58	14	0.339
58	36	0.34700000000000003
58	78	0.337
58	89	0.8220000000000001
58	96	0.705
58	51	0.355
58	1	0.175
58	43	0.716
58	20	0.278
58	84	0.342
58	32	0.28
58	6	0.279
58	50	0.277
58	27	0.16899999999999998
58	48	0.305
58	7	0.187
58	67	0.8290000000000001
58	15	0.258
58	19	0.38
58	13	0.185
58	4	0.206
58	62	0.365
58	31	0.449
58	81	0.252
58	86	0.345
58	57	0.374
58	82	0.441
58	44	0.199
58	11	0.277
58	28	0.977
58	2	0.343
58	34	0.441
58	35	0.248
58	87	0.505
58	49	0.21
58	17	0.171
58	9	0.151
58	52	0.237
58	46	0.15
58	68	0.501
58	8	0.7340000000000001
58	12	0.964
58	29	0.25
58	74	0.722
58	73	0.215
58	95	0.489
58	39	0.44
58	76	0.491
75	42	0.442
75	21	0.15
75	44	0.625
75	28	0.304
75	34	0.364
75	49	0.305
75	87	0.187
75	68	0.341
75	71	0.304
75	82	0.16899999999999998
75	12	0.21
75	78	0.345
75	1	0.161
75	89	0.181
75	43	0.211
75	84	0.574
75	32	0.4
75	6	0.198
75	20	0.447
75	3	0.241
75	67	0.229
75	93	0.206
75	4	0.205
75	57	0.504
75	11	0.304
75	2	0.19
75	65	0.177
75	17	0.228
75	9	0.3720000000000001
75	52	0.204
75	46	0.183
75	77	0.224
75	8	0.4
75	85	0.177
75	13	0.363
75	76	0.244
75	95	0.44
75	51	0.344
75	36	0.304
75	18	0.205
75	0	0.158
75	96	0.63
75	26	0.19
75	10	0.157
75	50	0.277
75	7	0.277
75	15	0.575
75	86	0.578
75	70	0.16399999999999998
75	48	0.43
75	19	0.305
75	81	0.28300000000000003
75	62	0.544
75	31	0.338
75	29	0.373
75	74	0.189
75	35	0.481
75	39	0.442
75	27	0.342
75	22	0.205
82	78	0.382
82	58	0.441
82	96	0.926
82	51	0.711
82	38	0.189
82	26	0.198
82	1	0.183
82	89	0.728
82	19	0.275
82	56	0.161
82	43	0.823
82	75	0.16899999999999998
82	20	0.338
82	84	0.482
82	32	0.407
82	50	0.693
82	92	0.473
82	7	0.215
82	53	0.215
82	67	0.444
82	3	0.243
82	15	0.695
82	70	0.181
82	48	0.384
82	41	0.188
82	93	0.22
82	86	0.524
82	62	0.508
82	4	0.274
82	81	0.561
82	31	0.408
82	57	0.345
82	44	0.373
82	11	0.409
82	28	0.575
82	34	0.44
82	23	0.4920000000000001
82	65	0.159
82	17	0.225
82	49	0.415
82	9	0.28
82	52	0.274
82	87	0.66
82	46	0.188
82	30	0.159
82	68	0.303
82	8	0.718
82	42	0.277
82	39	0.505
82	12	0.455
82	29	0.393
82	33	0.443
82	35	0.53
82	13	0.3670000000000001
82	85	0.212
82	95	0.675
82	76	0.823
82	73	0.165
82	14	0.542
82	27	0.6729999999999999
82	22	0.204
82	36	0.364
82	18	0.205
22	78	0.364
22	31	0.392
22	62	0.51
22	49	0.312
22	89	0.304
22	57	0.379
22	81	0.181
22	86	0.628
22	82	0.204
22	96	0.574
22	21	0.4970000000000001
22	51	0.19
22	10	0.38
22	44	0.495
22	38	0.151
22	1	0.321
22	91	0.205
22	28	0.319
22	43	0.212
22	75	0.205
22	6	0.63
22	34	0.628
22	66	0.364
22	32	0.659
22	2	0.487
22	20	0.15
22	84	0.659
22	23	0.579
22	65	0.161
22	92	0.321
22	50	0.165
22	17	0.15
22	9	0.7140000000000001
22	53	0.215
22	61	0.17
22	7	0.659
22	87	0.41
22	24	0.531
22	46	0.199
22	16	0.408
22	3	0.441
22	67	0.277
22	77	0.703
22	68	0.63
22	8	0.573
22	42	0.4
22	15	0.6679999999999999
22	70	0.194
22	13	0.525
22	48	0.47
22	5	0.204
22	74	0.34700000000000003
22	33	0.15
22	19	0.443
22	35	0.408
22	39	0.8170000000000001
22	60	0.159
22	95	0.531
22	40	0.16899999999999998
22	85	0.255
22	27	0.7090000000000001
22	36	0.414
22	18	0.63
22	93	0.161
22	14	0.5770000000000001
22	0	0.521
22	4	0.52
71	78	0.25
71	26	0.159
71	96	0.838
71	51	0.16699999999999998
71	75	0.304
71	32	0.366
71	84	0.48
71	20	0.25
71	50	0.189
71	92	0.161
71	15	0.754
71	86	0.449
71	48	0.248
71	19	0.197
71	81	0.5429999999999999
71	93	0.153
71	62	0.7979999999999999
71	44	0.273
71	52	0.18600000000000005
71	11	0.151
71	28	0.151
71	34	0.24
71	23	0.185
71	49	0.151
71	17	0.17600000000000002
71	9	0.207
71	29	0.191
71	42	0.343
71	68	0.515
71	77	0.483
71	8	0.197
71	33	0.483
71	13	0.165
71	35	0.368
71	39	0.365
71	95	0.238
71	36	0.161
71	27	0.221
78	48	0.973
78	33	0.151
78	95	0.847
78	36	0.499
78	0	0.16699999999999998
78	51	0.903
78	96	0.918
78	26	0.239
78	38	0.408
78	10	0.17
78	7	0.38
78	70	0.277
78	62	0.894
78	31	0.698
78	81	0.774
78	82	0.382
78	21	0.188
78	44	0.97
78	49	0.792
78	34	0.655
78	74	0.931
78	5	0.304
78	89	0.491
78	1	0.183
78	43	0.502
78	6	0.341
78	61	0.192
78	16	0.16699999999999998
78	72	0.589
78	11	0.442
78	2	0.925
78	79	0.539
78	17	0.341
78	65	0.412
78	77	0.277
78	13	0.682
78	76	0.48
78	85	0.278
78	18	0.63
78	14	0.277
78	58	0.337
78	91	0.443
78	66	0.443
78	50	0.981
78	25	0.151
78	92	0.304
78	53	0.275
78	15	0.8220000000000001
78	19	0.715
78	41	0.188
78	86	0.7170000000000001
78	59	0.189
78	28	0.505
78	87	0.491
78	69	0.906
78	37	0.244
78	30	0.171
78	29	0.6679999999999999
78	71	0.25
78	68	0.532
78	42	0.542
78	12	0.48
78	39	0.821
78	35	0.8909999999999999
78	73	0.971
78	22	0.364
78	80	0.182
78	75	0.345
78	20	0.589
78	84	0.908
78	32	0.823
78	3	0.305
78	67	0.53
78	40	0.205
78	93	0.3670000000000001
78	4	0.339
78	57	0.67
78	23	0.242
78	9	0.489
78	52	0.594
78	46	0.6579999999999999
78	8	0.8140000000000001
78	27	0.442
50	72	0.41
50	11	0.294
50	79	0.3670000000000001
50	2	0.913
50	17	0.21
50	22	0.165
50	39	0.664
50	35	0.481
50	73	0.938
50	78	0.981
50	46	0.515
50	93	0.159
50	4	0.272
50	52	0.633
50	9	0.341
50	8	0.483
50	95	0.44
50	36	0.28300000000000003
50	96	0.828
50	51	0.83
50	26	0.162
50	10	0.173
50	7	0.304
50	48	0.642
50	70	0.16899999999999998
50	62	0.777
50	31	0.38
50	81	0.71
50	82	0.693
50	44	0.29
50	34	0.277
50	49	0.364
50	74	0.929
50	27	0.264
50	29	0.304
50	77	0.188
50	13	0.614
50	76	0.442
50	14	0.19
50	85	0.219
50	18	0.181
50	58	0.277
50	15	0.536
50	19	0.312
50	86	0.7829999999999999
50	12	0.442
50	28	0.508
50	30	0.15
50	69	0.929
50	87	0.927
50	68	0.629
50	71	0.189
50	42	0.319
50	6	0.2
50	43	0.377
50	89	0.345
50	80	0.155
50	75	0.277
50	32	0.336
50	84	0.509
50	20	0.6779999999999999
50	3	0.519
50	67	0.535
23	62	0.407
23	44	0.424
23	78	0.242
23	31	0.277
23	82	0.4920000000000001
23	86	0.491
23	57	0.373
23	51	0.159
23	96	0.43
23	21	0.398
23	10	0.28800000000000003
23	1	0.239
23	28	0.268
23	89	0.304
23	43	0.198
23	20	0.152
23	2	0.306
23	66	0.16699999999999998
23	34	0.63
23	32	0.6579999999999999
23	84	0.442
23	6	0.441
23	92	0.407
23	25	0.444
23	56	0.163
23	49	0.242
23	85	0.205
23	53	0.162
23	9	0.504
23	7	0.503
23	65	0.23
23	87	0.24
23	24	0.375
23	30	0.154
23	71	0.185
23	16	0.185
23	3	0.38
23	67	0.215
23	77	0.287
23	8	0.447
23	68	0.388
23	42	0.304
23	35	0.327
23	48	0.305
23	33	0.162
23	74	0.313
23	19	0.159
23	5	0.171
23	39	0.6509999999999999
23	13	0.442
23	60	0.213
23	95	0.305
23	18	0.442
23	40	0.237
23	14	0.306
23	36	0.277
23	0	0.304
23	22	0.579
23	4	0.443
60	96	0.34
60	89	0.181
60	66	0.66
60	32	0.32299999999999995
60	84	0.35
60	20	0.258
60	67	0.165
60	61	0.6579999999999999
60	7	0.161
60	64	0.16899999999999998
60	15	0.16899999999999998
60	70	0.591
60	48	0.208
60	19	0.551
60	23	0.213
60	57	0.304
60	86	0.392
60	31	0.151
60	62	0.4970000000000001
60	11	0.485
60	44	0.251
60	63	0.525
60	34	0.342
60	68	0.151
60	49	0.187
60	9	0.229
60	65	0.376
60	87	0.573
60	39	0.406
60	8	0.294
60	42	0.18600000000000005
60	29	0.424
60	95	0.403
60	27	0.241
60	14	0.161
60	36	0.248
60	22	0.159
29	35	0.924
29	55	0.165
29	74	0.484
29	13	0.768
29	39	0.731
29	76	0.256
29	95	0.708
29	73	0.16699999999999998
29	85	0.946
29	27	0.173
29	18	0.6709999999999999
29	36	0.632
29	14	0.153
29	0	0.518
29	78	0.6679999999999999
29	58	0.25
29	38	0.22
29	96	0.8220000000000001
29	51	0.6
29	26	0.185
29	1	0.412
29	10	0.458
29	89	0.448
29	91	0.303
29	43	0.345
29	75	0.373
29	84	0.8029999999999999
29	66	0.28600000000000003
29	32	0.8290000000000001
29	6	0.662
29	20	0.179
29	92	0.29
29	50	0.304
29	90	0.161
29	53	0.926
29	7	0.763
29	61	0.257
29	3	0.779
29	67	0.409
29	15	0.252
29	70	0.304
29	48	0.682
29	19	0.513
29	5	0.422
29	60	0.424
29	94	0.161
29	40	0.181
29	4	0.654
29	93	0.386
29	62	0.845
29	31	0.515
29	86	0.8490000000000001
29	81	0.322
29	82	0.393
29	57	0.505
29	44	0.7070000000000001
29	11	0.94
29	28	0.643
29	79	0.151
29	34	0.669
29	2	0.407
29	54	0.2
29	49	0.669
29	17	0.187
29	52	0.173
29	9	0.85
29	65	0.344
29	87	0.504
29	24	0.44
29	37	0.24
29	46	0.453
29	77	0.5329999999999999
29	8	0.73
29	71	0.191
29	68	0.7090000000000001
29	42	0.636
29	12	0.227
28	24	0.151
28	78	0.505
28	1	0.307
28	89	0.91
28	67	0.8759999999999999
28	32	0.7
28	43	0.7070000000000001
28	75	0.304
28	20	0.703
28	6	0.34700000000000003
28	84	0.87
28	56	0.193
28	3	0.575
28	77	0.358
28	8	0.965
28	33	0.285
28	13	0.63
28	95	0.82
28	76	0.63
28	19	0.629
28	85	0.499
28	36	0.63
28	0	0.277
28	18	0.453
28	14	0.242
28	58	0.977
28	96	0.901
28	51	0.579
28	26	0.196
28	38	0.341
28	10	0.168
28	83	0.182
28	15	0.826
28	70	0.277
28	48	0.685
28	87	0.718
28	41	0.161
28	31	0.8220000000000001
28	62	0.7959999999999999
28	81	0.449
28	86	0.82
28	82	0.575
28	44	0.826
28	21	0.271
28	63	0.222
28	34	0.736
28	49	0.794
28	69	0.171
28	37	0.183
28	30	0.191
28	27	0.631
28	68	0.843
28	71	0.151
28	42	0.531
28	12	0.984
28	74	0.366
28	29	0.643
28	35	0.826
28	39	0.866
28	73	0.305
28	5	0.16
28	40	0.309
28	94	0.163
28	4	0.7
28	72	0.171
28	93	0.35100000000000003
28	57	0.634
28	11	0.642
28	79	0.204
28	23	0.268
28	2	0.284
28	22	0.319
28	17	0.406
28	9	0.653
28	52	0.345
28	65	0.34600000000000003
28	46	0.369
28	91	0.443
28	66	0.183
28	25	0.194
28	92	0.256
28	50	0.508
28	7	0.504
28	53	0.24
15	78	0.8220000000000001
15	1	0.519
15	89	0.503
15	80	0.512
15	75	0.575
15	43	0.446
15	32	0.898
15	6	0.6629999999999999
15	84	0.931
15	20	0.948
15	56	0.24
15	64	0.15
15	61	0.211
15	16	0.408
15	67	0.491
15	3	0.851
15	5	0.34700000000000003
15	60	0.16899999999999998
15	94	0.151
15	40	0.271
15	72	0.408
15	93	0.459
15	57	0.5489999999999999
15	4	0.718
15	11	0.499
15	79	0.195
15	2	0.493
15	9	0.893
15	17	0.268
15	52	0.441
15	65	0.35600000000000004
15	46	0.495
15	77	0.664
15	8	0.916
15	55	0.171
15	33	0.276
15	13	0.845
15	95	0.78
15	76	0.639
15	85	0.938
15	36	0.66
15	14	0.153
15	0	0.519
15	18	0.6970000000000001
15	58	0.258
15	96	0.974
15	51	0.639
15	26	0.517
15	38	0.305
15	10	0.498
15	66	0.304
15	91	0.426
15	25	0.6629999999999999
15	50	0.536
15	92	0.445
15	53	0.305
15	7	0.7879999999999999
15	83	0.163
15	70	0.343
15	48	0.848
15	19	0.795
15	31	0.82
15	41	0.161
15	62	0.946
15	86	0.936
15	81	0.584
15	21	0.574
15	82	0.695
15	59	0.212
15	44	0.883
15	28	0.826
15	34	0.7340000000000001
15	54	0.215
15	49	0.6809999999999999
15	69	0.248
15	87	0.5760000000000001
15	24	0.408
15	37	0.359
15	71	0.754
15	68	0.7490000000000001
15	42	0.828
15	12	0.44
15	74	0.5720000000000001
15	29	0.252
15	39	0.911
15	35	0.929
15	73	0.388
15	22	0.6679999999999999
21	78	0.188
21	6	0.3720000000000001
21	1	0.181
21	96	0.442
21	51	0.16699999999999998
21	26	0.35200000000000004
21	10	0.21600000000000005
21	89	0.206
21	32	0.417
21	75	0.15
21	20	0.637
21	84	0.443
21	25	0.33
21	92	0.15
21	67	0.185
21	7	0.442
21	3	0.34600000000000003
21	16	0.275
21	48	0.339
21	15	0.574
21	19	0.28600000000000003
21	62	0.399
21	4	0.364
21	31	0.276
21	81	0.151
21	86	0.441
21	57	0.26
21	49	0.165
21	44	0.305
21	28	0.271
21	34	0.373
21	2	0.205
21	23	0.398
21	9	0.541
21	17	0.152
21	65	0.152
21	24	0.28800000000000003
21	87	0.19
21	77	0.424
21	46	0.159
21	68	0.378
21	8	0.369
21	42	0.277
21	12	0.165
21	74	0.416
21	39	0.659
21	13	0.41
21	35	0.256
21	95	0.38
21	73	0.21
21	27	0.551
21	36	0.235
21	14	0.38
21	0	0.249
21	22	0.4970000000000001
21	18	0.422
30	82	0.159
30	43	0.188
30	20	0.161
30	78	0.171
30	1	0.39
30	96	0.406
30	26	0.465
30	89	0.303
30	10	0.33
30	57	0.252
30	7	0.526
30	84	0.383
30	32	0.45
30	6	0.483
30	25	0.185
30	92	0.17
30	50	0.15
30	67	0.204
30	3	0.321
30	5	0.18600000000000005
30	48	0.28
30	19	0.213
30	86	0.532
30	81	0.162
30	62	0.35600000000000004
30	4	0.459
30	31	0.226
30	24	0.407
30	44	0.277
30	11	0.154
30	28	0.191
30	87	0.205
30	23	0.154
30	34	0.481
30	2	0.34700000000000003
30	49	0.187
30	9	0.5589999999999999
30	39	0.685
30	77	0.281
30	68	0.442
30	8	0.409
30	13	0.458
30	42	0.215
30	35	0.322
30	74	0.32299999999999995
30	0	0.344
30	95	0.328
30	36	0.213
30	14	0.4
30	18	0.45
1	31	0.214
1	62	0.35
1	78	0.183
1	86	0.937
1	58	0.175
1	82	0.183
1	9	0.914
1	51	0.187
1	96	0.429
1	21	0.181
1	26	0.272
1	44	0.303
1	11	0.392
1	10	0.925
1	28	0.307
1	75	0.161
1	43	0.228
1	6	0.978
1	2	0.909
1	34	0.215
1	32	0.28800000000000003
1	20	0.948
1	84	0.31
1	23	0.239
1	25	0.214
1	92	0.17
1	49	0.292
1	17	0.44
1	7	0.977
1	87	0.16699999999999998
1	24	0.927
1	30	0.39
1	3	0.921
1	77	0.24
1	68	0.941
1	8	0.305
1	42	0.25
1	15	0.519
1	48	0.256
1	35	0.637
1	29	0.412
1	74	0.909
1	5	0.247
1	13	0.949
1	39	0.26
1	95	0.211
1	27	0.412
1	22	0.321
1	18	0.943
1	0	0.916
1	14	0.913
1	4	0.91
95	61	0.575
95	32	0.929
95	6	0.489
95	84	0.977
95	20	0.825
95	56	0.28800000000000003
95	90	0.161
95	64	0.193
95	16	0.277
95	3	0.394
95	67	0.6579999999999999
95	5	0.215
95	60	0.403
95	40	0.25
95	72	0.213
95	93	0.443
95	4	0.38
95	57	0.873
95	11	0.6709999999999999
95	79	0.304
95	2	0.32299999999999995
95	23	0.305
95	17	0.493
95	9	0.8370000000000001
95	52	0.341
95	65	0.595
95	46	0.5760000000000001
95	8	0.995
95	77	0.369
95	55	0.16899999999999998
95	33	0.264
95	13	0.546
95	76	0.509
95	36	0.92
95	85	0.784
95	0	0.252
95	14	0.501
95	18	0.489
95	58	0.489
95	29	0.708
95	74	0.419
95	35	0.895
95	39	0.979
95	73	0.364
95	27	0.6629999999999999
95	22	0.531
95	38	0.531
95	96	0.966
95	51	0.504
95	26	0.319
95	10	0.234
95	91	0.54
95	66	0.662
95	92	0.38
95	25	0.199
95	50	0.44
95	53	0.393
95	7	0.6579999999999999
95	15	0.78
95	70	0.47
95	48	0.995
95	19	0.938
95	62	0.965
95	41	0.935
95	81	0.441
95	31	0.797
95	86	0.898
95	82	0.675
95	21	0.38
95	44	0.956
95	63	0.305
95	28	0.82
95	59	0.171
95	34	0.996
95	54	0.254
95	49	0.74
95	78	0.847
95	1	0.211
95	89	0.981
95	43	0.575
95	75	0.44
95	69	0.213
95	45	0.16699999999999998
95	87	0.936
95	24	0.306
95	30	0.328
95	37	0.552
95	71	0.238
95	68	0.774
95	42	0.8909999999999999
95	12	0.674
67	19	0.505
67	78	0.53
67	89	0.92
67	43	0.708
67	75	0.229
67	6	0.19
67	32	0.7140000000000001
67	84	0.574
67	20	0.471
67	3	0.205
67	60	0.165
67	72	0.303
67	4	0.252
67	57	0.531
67	79	0.245
67	11	0.305
67	2	0.23
67	23	0.215
67	17	0.321
67	9	0.343
67	52	0.424
67	65	0.196
67	46	0.205
67	77	0.16899999999999998
67	8	0.895
67	33	0.206
67	13	0.338
67	76	0.787
67	95	0.6579999999999999
67	36	0.503
67	85	0.204
67	14	0.254
67	18	0.238
67	58	0.8290000000000001
67	96	0.823
67	51	0.6579999999999999
67	26	0.161
67	91	0.159
67	66	0.21
67	83	0.165
67	15	0.491
67	70	0.252
67	48	0.481
67	62	0.63
67	31	0.71
67	81	0.426
67	86	0.573
67	82	0.444
67	21	0.185
67	44	0.364
67	28	0.8759999999999999
67	34	0.629
67	49	0.408
67	69	0.161
67	87	0.7190000000000001
67	24	0.159
67	30	0.204
67	68	0.7
67	42	0.345
67	12	0.982
67	29	0.409
67	74	0.365
67	35	0.441
67	39	0.703
67	73	0.34
67	27	0.443
67	22	0.277
67	92	0.272
67	25	0.15
67	50	0.535
67	7	0.366
48	30	0.28
48	42	0.985
48	68	0.484
48	71	0.248
48	12	0.493
48	29	0.682
48	39	0.967
48	74	0.304
48	35	0.927
48	27	0.589
48	73	0.343
48	22	0.47
48	37	0.535
48	78	0.973
48	1	0.256
48	89	0.7509999999999999
48	43	0.479
48	80	0.151
48	75	0.43
48	84	0.969
48	32	0.8220000000000001
48	6	0.728
48	20	0.7490000000000001
48	56	0.304
48	90	0.345
48	64	0.192
48	61	0.32299999999999995
48	16	0.231
48	3	0.438
48	67	0.481
48	5	0.304
48	60	0.208
48	40	0.187
48	72	0.185
48	93	0.441
48	4	0.398
48	57	0.7170000000000001
48	11	0.65
48	79	0.28800000000000003
48	2	0.278
48	23	0.305
48	17	0.444
48	52	0.307
48	9	0.889
48	65	0.5489999999999999
48	46	0.769
48	77	0.6409999999999999
48	8	0.8240000000000001
48	55	0.305
48	13	0.531
48	33	0.243
48	76	0.441
48	95	0.995
48	85	0.978
48	36	0.82
48	14	0.398
48	0	0.255
48	18	0.524
48	58	0.305
48	96	0.966
48	47	0.91
48	51	0.6890000000000001
48	26	0.362
48	38	0.47
48	10	0.523
48	53	0.942
48	91	0.505
48	66	0.515
48	50	0.642
48	25	0.151
48	92	0.402
48	7	0.8440000000000001
48	15	0.848
48	70	0.622
48	19	0.727
48	41	0.927
48	31	0.74
48	62	0.977
48	81	0.468
48	86	0.899
48	82	0.384
48	21	0.339
48	44	0.899
48	63	0.246
48	59	0.211
48	28	0.685
48	34	0.895
48	54	0.34700000000000003
48	49	0.718
48	69	0.304
48	45	0.16899999999999998
48	87	0.6859999999999999
48	24	0.239
85	75	0.177
85	43	0.279
85	91	0.368
85	66	0.359
85	6	0.243
85	32	0.677
85	84	0.838
85	20	0.556
85	56	0.918
85	90	0.191
85	50	0.219
85	92	0.214
85	53	0.982
85	7	0.936
85	16	0.206
85	3	0.337
85	67	0.204
85	15	0.938
85	48	0.978
85	5	0.274
85	19	0.696
85	87	0.466
85	41	0.444
85	94	0.194
85	93	0.349
85	31	0.284
85	4	0.192
85	62	0.758
85	81	0.208
85	86	0.424
85	57	0.475
85	82	0.212
85	44	0.679
85	63	0.279
85	11	0.936
85	28	0.499
85	59	0.196
85	34	0.747
85	23	0.205
85	54	0.174
85	49	0.436
85	17	0.257
85	69	0.151
85	9	0.69
85	52	0.19
85	65	0.238
85	45	0.901
85	78	0.278
85	96	0.979
85	38	0.242
85	26	0.34600000000000003
85	39	0.981
85	89	0.237
85	37	0.3670000000000001
85	46	0.329
85	77	0.159
85	68	0.214
85	8	0.701
85	42	0.7809999999999999
85	12	0.227
85	29	0.946
85	13	0.931
85	35	0.947
85	0	0.252
85	76	0.28800000000000003
85	95	0.784
85	22	0.255
85	27	0.421
85	36	0.547
85	18	0.277
85	14	0.217
39	63	0.221
39	62	0.96
39	31	0.713
39	81	0.441
39	82	0.505
39	44	0.951
39	21	0.659
39	11	0.71
39	1	0.26
39	89	0.8220000000000001
39	43	0.635
39	6	0.53
39	61	0.442
39	16	0.738
39	5	0.253
39	60	0.406
39	72	0.171
39	79	0.272
39	15	0.911
39	83	0.231
39	34	0.977
39	54	0.319
39	49	0.716
39	74	0.345
39	27	0.918
39	2	0.32299999999999995
39	65	0.594
39	17	0.579
39	77	0.726
39	13	0.63
39	76	0.511
39	85	0.981
39	14	0.531
39	18	0.5760000000000001
39	58	0.44
39	25	0.56
39	91	0.6579999999999999
39	66	0.662
39	92	0.789
39	50	0.664
39	53	0.943
39	19	0.928
39	41	0.434
39	86	0.935
39	59	0.16699999999999998
39	28	0.866
39	87	0.826
39	69	0.243
39	45	0.195
39	24	0.364
39	37	0.5670000000000001
39	30	0.685
39	71	0.365
39	68	0.628
39	42	0.823
39	12	0.552
39	29	0.731
39	35	0.899
39	73	0.304
39	22	0.8170000000000001
39	78	0.821
39	75	0.442
39	32	0.979
39	20	0.892
39	84	0.98
39	56	0.632
39	90	0.179
39	64	0.16899999999999998
39	3	0.481
39	67	0.703
39	38	0.58
39	93	0.6970000000000001
39	40	0.446
39	4	0.473
39	57	0.825
39	23	0.6509999999999999
39	9	0.866
39	52	0.319
39	46	0.5760000000000001
39	8	0.967
39	55	0.241
39	33	0.6579999999999999
39	95	0.979
39	36	0.91
39	0	0.303
39	26	0.6970000000000001
39	96	0.977
39	51	0.506
39	10	0.312
39	7	0.81
39	70	0.504
39	48	0.967
34	53	0.339
34	7	0.625
34	78	0.655
34	1	0.215
34	89	0.989
34	75	0.364
34	43	0.54
34	6	0.441
34	32	0.974
34	20	0.826
34	84	0.939
34	56	0.237
34	61	0.277
34	67	0.629
34	16	0.48
34	3	0.429
34	60	0.342
34	5	0.168
34	40	0.48
34	93	0.304
34	4	0.375
34	57	0.916
34	11	0.638
34	79	0.189
34	2	0.23
34	23	0.63
34	17	0.53
34	65	0.513
34	9	0.708
34	52	0.211
34	46	0.39
34	77	0.31
34	8	0.995
34	33	0.38
34	55	0.197
34	18	0.442
34	13	0.574
34	76	0.434
34	95	0.996
34	85	0.747
34	14	0.365
34	36	0.727
34	0	0.195
34	58	0.441
34	10	0.165
34	96	0.898
34	51	0.364
34	26	0.307
34	38	0.503
34	66	0.537
34	91	0.5760000000000001
34	92	0.813
34	25	0.204
34	50	0.277
34	15	0.7340000000000001
34	70	0.343
34	48	0.895
34	19	0.746
34	41	0.341
34	62	0.823
34	31	0.574
34	81	0.306
34	86	0.8220000000000001
34	27	0.93
34	82	0.44
34	44	0.828
34	21	0.373
34	28	0.736
34	59	0.196
34	37	0.348
34	54	0.239
34	49	0.605
34	69	0.163
34	24	0.239
34	87	0.7490000000000001
34	30	0.481
34	71	0.24
34	68	0.433
34	42	0.7190000000000001
34	12	0.54
34	29	0.669
34	74	0.25
34	35	0.8270000000000001
34	39	0.977
34	73	0.192
34	22	0.628
69	78	0.906
69	43	0.204
69	32	0.215
69	84	0.305
69	20	0.187
69	67	0.161
69	72	0.243
69	57	0.229
69	9	0.151
69	79	0.408
69	2	0.903
69	52	0.28
69	8	0.215
69	13	0.16699999999999998
69	95	0.213
69	76	0.211
69	85	0.151
69	36	0.196
69	18	0.154
69	96	0.3720000000000001
69	51	0.7070000000000001
69	91	0.212
69	7	0.153
69	50	0.929
69	15	0.248
69	48	0.304
69	81	0.321
69	62	0.337
69	31	0.16699999999999998
69	86	0.303
69	44	0.18600000000000005
69	28	0.171
69	34	0.163
69	49	0.304
69	87	0.157
69	68	0.264
69	74	0.902
69	39	0.243
69	35	0.375
69	73	0.921
69	27	0.15
61	62	0.595
61	31	0.187
61	78	0.192
61	86	0.204
61	57	0.35100000000000003
61	11	0.285
61	96	0.354
61	63	0.264
61	44	0.256
61	49	0.165
61	66	0.7390000000000001
61	34	0.277
61	32	0.277
61	84	0.462
61	20	0.27
61	64	0.489
61	9	0.249
61	65	0.181
61	87	0.38
61	15	0.211
61	3	0.162
61	8	0.422
61	42	0.28
61	70	0.258
61	48	0.32299999999999995
61	29	0.257
61	19	0.516
61	35	0.18
61	39	0.442
61	60	0.6579999999999999
61	95	0.575
61	36	0.478
61	22	0.17
61	14	0.191
76	48	0.441
76	78	0.48
76	89	0.5770000000000001
76	75	0.244
76	43	0.821
76	32	0.364
76	20	0.325
76	84	0.4970000000000001
76	3	0.151
76	67	0.787
76	93	0.151
76	72	0.237
76	4	0.18600000000000005
76	57	0.342
76	11	0.206
76	79	0.205
76	18	0.18600000000000005
76	17	0.277
76	9	0.228
76	52	0.364
76	65	0.173
76	46	0.191
76	77	0.16899999999999998
76	8	0.633
76	33	0.304
76	13	0.304
76	95	0.509
76	85	0.28800000000000003
76	36	0.3670000000000001
76	58	0.491
76	96	0.7979999999999999
76	51	0.71
76	38	0.349
76	91	0.206
76	50	0.442
76	53	0.278
76	7	0.228
76	15	0.639
76	19	0.345
76	41	0.159
76	62	0.515
76	31	0.504
76	81	0.366
76	86	0.4920000000000001
76	82	0.823
76	44	0.32299999999999995
76	59	0.15
76	28	0.63
76	34	0.434
76	69	0.211
76	49	0.439
76	87	0.442
76	68	0.365
76	42	0.304
76	12	0.5760000000000001
76	74	0.151
76	29	0.256
76	35	0.6779999999999999
76	39	0.511
76	73	0.29
76	27	0.214
11	66	0.277
11	78	0.442
11	58	0.277
11	96	0.759
11	51	0.29
11	26	0.279
11	38	0.206
11	89	0.369
11	1	0.392
11	10	0.417
11	91	0.242
11	43	0.304
11	75	0.304
11	61	0.285
11	32	0.6609999999999999
11	6	0.654
11	84	0.747
11	20	0.338
11	7	0.753
11	53	0.922
11	50	0.294
11	92	0.244
11	67	0.305
11	3	0.695
11	15	0.499
11	70	0.31
11	48	0.65
11	5	0.26
11	19	0.483
11	60	0.485
11	94	0.151
11	74	0.413
11	13	0.6990000000000001
11	35	0.889
11	39	0.71
11	95	0.6709999999999999
11	76	0.206
11	73	0.153
11	85	0.936
11	27	0.184
11	36	0.585
11	18	0.65
11	0	0.496
11	14	0.491
11	93	0.334
11	4	0.575
11	62	0.848
11	31	0.453
11	81	0.314
11	86	0.87
11	57	0.504
11	82	0.409
11	44	0.662
11	63	0.221
11	28	0.642
11	34	0.638
11	2	0.345
11	54	0.204
11	49	0.63
11	17	0.209
11	9	0.857
11	65	0.307
11	87	0.531
11	24	0.408
11	77	0.472
11	30	0.154
11	46	0.639
11	71	0.151
11	68	0.662
11	8	0.6779999999999999
11	42	0.53
11	55	0.15
11	29	0.94
12	91	0.19
12	50	0.442
12	53	0.197
12	7	0.2
12	15	0.44
12	48	0.493
12	19	0.4970000000000001
12	62	0.629
12	31	0.63
12	86	0.48
12	81	0.44
12	82	0.455
12	21	0.165
12	44	0.199
12	28	0.984
12	34	0.54
12	49	0.37
12	87	0.58
12	68	0.69
12	42	0.282
12	29	0.227
12	74	0.4
12	35	0.682
12	39	0.552
12	73	0.599
12	93	0.241
12	78	0.48
12	89	0.923
12	43	0.66
12	80	0.396
12	75	0.21
12	32	0.343
12	84	0.493
12	20	0.277
12	90	0.197
12	67	0.982
12	72	0.193
12	57	0.448
12	79	0.163
12	2	0.16899999999999998
12	17	0.199
12	9	0.187
12	52	0.343
12	65	0.165
12	46	0.312
12	8	0.894
12	95	0.674
12	13	0.206
12	33	0.228
12	76	0.5760000000000001
12	58	0.964
12	85	0.227
12	36	0.365
12	18	0.196
12	51	0.544
12	96	0.82
80	78	0.182
80	84	0.195
80	3	0.154
80	46	0.214
80	13	0.185
80	18	0.17
80	96	0.627
80	51	0.245
80	50	0.155
80	15	0.512
80	48	0.151
80	86	0.277
80	62	0.5489999999999999
80	81	0.21
80	49	0.23
80	68	0.163
80	12	0.396
80	35	0.191
96	43	0.893
96	6	0.531
96	61	0.354
96	16	0.306
96	5	0.348
96	60	0.34
96	72	0.407
96	79	0.38
96	11	0.759
96	2	0.7020000000000001
96	17	0.614
96	65	0.638
96	77	0.551
96	59	0.305
96	28	0.901
96	69	0.3720000000000001
96	45	0.544
96	87	0.792
96	24	0.304
96	37	0.527
96	30	0.406
96	13	0.923
96	76	0.7979999999999999
96	85	0.979
96	42	0.9
96	68	0.83
96	71	0.838
96	29	0.8220000000000001
96	12	0.82
96	35	0.987
96	39	0.977
96	73	0.442
96	22	0.574
96	78	0.918
96	75	0.63
96	80	0.627
96	32	0.925
96	20	0.933
96	84	0.981
96	64	0.236
96	90	0.277
96	56	0.408
96	3	0.875
96	67	0.823
96	94	0.206
96	40	0.371
96	93	0.71
96	4	0.649
96	57	0.715
96	23	0.43
96	9	0.833
96	52	0.501
96	46	0.7090000000000001
96	8	0.968
96	55	0.284
96	33	0.403
96	95	0.966
96	36	0.875
96	0	0.539
96	51	0.847
96	14	0.443
96	18	0.8290000000000001
96	38	0.774
96	58	0.705
96	26	0.495
96	10	0.588
96	7	0.705
96	74	0.491
96	27	0.723
96	92	0.7509999999999999
96	50	0.828
96	91	0.659
96	66	0.51
96	25	0.28600000000000003
96	53	0.472
96	83	0.246
96	15	0.974
96	19	0.892
96	41	0.443
96	86	0.984
96	1	0.429
96	89	0.826
96	70	0.718
96	48	0.966
96	31	0.823
96	62	0.981
96	81	0.774
96	82	0.926
96	21	0.442
96	44	0.996
96	63	0.292
96	34	0.898
96	54	0.366
96	49	0.949
94	84	0.16899999999999998
94	6	0.151
94	62	0.187
94	86	0.227
94	44	0.206
94	96	0.206
94	11	0.151
94	28	0.163
94	29	0.161
94	49	0.29100000000000004
94	56	0.248
94	92	0.185
94	53	0.272
94	9	0.183
94	42	0.205
94	3	0.21600000000000005
94	15	0.151
94	35	0.404
94	13	0.275
94	85	0.194
94	4	0.206
94	0	0.199
94	18	0.29
93	75	0.206
93	78	0.3670000000000001
93	26	0.234
93	96	0.71
93	51	0.19
93	38	0.165
93	89	0.277
93	43	0.305
93	91	0.237
93	66	0.153
93	32	0.481
93	6	0.19
93	84	0.63
93	20	0.336
93	7	0.252
93	56	0.192
93	50	0.159
93	92	0.364
93	53	0.277
93	3	0.34
93	15	0.459
93	70	0.206
93	48	0.441
93	19	0.343
93	62	0.705
93	4	0.23
93	31	0.313
93	57	0.194
93	81	0.19
93	86	0.775
93	82	0.22
93	44	0.442
93	11	0.334
93	63	0.175
93	8	0.424
93	28	0.35100000000000003
93	34	0.304
93	49	0.971
93	17	0.294
93	9	0.361
93	65	0.314
93	87	0.24
93	46	0.588
93	68	0.16899999999999998
93	71	0.153
93	13	0.397
93	0	0.273
93	18	0.267
93	42	0.573
93	35	0.94
93	29	0.386
93	12	0.241
93	74	0.17
93	39	0.6970000000000001
93	76	0.151
93	95	0.443
93	73	0.215
93	85	0.349
93	27	0.199
93	22	0.161
93	36	0.304
14	77	0.408
14	46	0.2
14	13	0.938
14	8	0.504
14	95	0.501
14	85	0.217
14	36	0.3670000000000001
14	18	0.911
14	0	0.917
14	58	0.339
14	26	0.39
14	96	0.443
14	51	0.241
14	10	0.931
14	66	0.282
14	25	0.27
14	92	0.23
14	50	0.19
14	7	0.955
14	15	0.153
14	70	0.379
14	48	0.398
14	19	0.504
14	60	0.161
14	78	0.277
14	89	0.206
14	1	0.913
14	16	0.215
14	6	0.948
14	32	0.384
14	20	0.961
14	84	0.504
14	64	0.299
14	61	0.191
14	67	0.254
14	3	0.925
14	5	0.238
14	4	0.931
14	57	0.159
14	11	0.491
14	82	0.542
14	2	0.922
14	23	0.306
14	9	0.959
14	65	0.195
14	31	0.242
14	62	0.499
14	81	0.213
14	86	0.947
14	21	0.38
14	44	0.379
14	63	0.206
14	28	0.242
14	59	0.205
14	34	0.365
14	49	0.161
14	24	0.955
14	87	0.441
14	73	0.277
14	30	0.4
14	68	0.97
14	42	0.321
14	29	0.153
14	74	0.929
14	35	0.305
14	39	0.531
14	27	0.473
14	22	0.5770000000000001
49	96	0.949
49	78	0.792
49	58	0.21
49	51	0.69
49	38	0.16899999999999998
49	26	0.181
49	62	0.915
49	1	0.292
49	6	0.321
49	10	0.161
49	89	0.742
49	80	0.23
49	32	0.654
49	75	0.305
49	43	0.7390000000000001
49	91	0.25
49	66	0.161
49	20	0.634
49	84	0.784
49	25	0.19
49	92	0.38
49	50	0.364
49	56	0.238
49	67	0.408
49	53	0.364
49	7	0.417
49	61	0.165
49	3	0.526
49	15	0.6809999999999999
49	70	0.159
49	4	0.642
49	48	0.718
49	19	0.441
49	60	0.187
49	93	0.971
49	94	0.29100000000000004
49	72	0.25
49	86	0.908
49	81	0.601
49	31	0.579
49	57	0.44
49	82	0.415
49	52	0.37
49	11	0.63
49	44	0.573
49	21	0.165
49	63	0.21600000000000005
49	2	0.248
49	59	0.188
49	28	0.794
49	79	0.305
49	34	0.605
49	23	0.242
49	54	0.151
49	69	0.304
49	17	0.399
49	9	0.581
49	65	0.615
49	87	0.479
49	37	0.15
49	30	0.187
49	46	0.448
49	71	0.151
49	77	0.239
49	68	0.345
49	8	0.879
49	42	0.963
49	22	0.312
49	12	0.37
49	29	0.669
49	74	0.244
49	13	0.613
49	35	0.997
49	39	0.716
49	76	0.439
49	95	0.74
49	85	0.436
49	73	0.243
49	27	0.472
49	36	0.477
49	14	0.161
49	0	0.398
49	18	0.5770000000000001
35	79	0.305
35	2	0.345
35	23	0.327
35	17	0.503
35	9	0.835
35	52	0.3720000000000001
35	65	0.696
35	46	0.63
35	77	0.6629999999999999
35	8	0.894
35	88	0.433
35	55	0.161
35	33	0.19
35	13	0.907
35	95	0.895
35	76	0.6779999999999999
35	85	0.947
35	36	0.777
35	0	0.4920000000000001
35	14	0.305
35	18	0.8340000000000001
35	96	0.987
35	58	0.248
35	51	0.825
35	26	0.319
35	38	0.424
35	10	0.282
35	91	0.6829999999999999
35	66	0.34
35	25	0.196
35	50	0.481
35	92	0.735
35	53	0.937
35	7	0.551
35	15	0.929
35	83	0.522
35	70	0.305
35	48	0.927
35	19	0.629
35	41	0.252
35	62	0.983
35	31	0.77
35	21	0.256
35	81	0.711
35	86	0.985
35	82	0.53
35	44	0.898
35	63	0.212
35	59	0.21
35	28	0.826
35	34	0.8270000000000001
35	54	0.222
35	24	0.183
35	49	0.997
35	69	0.375
35	45	0.484
35	87	0.574
35	37	0.3
35	30	0.322
35	71	0.368
35	42	0.989
35	68	0.7
35	12	0.682
35	29	0.924
35	74	0.339
35	39	0.899
35	73	0.305
35	27	0.789
35	22	0.408
35	78	0.8909999999999999
35	89	0.5379999999999999
35	1	0.637
35	80	0.191
35	43	0.574
35	75	0.481
35	20	0.882
35	84	0.959
35	32	0.78
35	6	0.448
35	56	0.306
35	64	0.151
35	61	0.18
35	16	0.2
35	3	0.884
35	67	0.441
35	5	0.277
35	94	0.404
35	40	0.242
35	93	0.94
35	72	0.319
35	4	0.723
35	57	0.504
35	11	0.889
87	69	0.157
87	78	0.491
87	58	0.505
87	96	0.792
87	26	0.408
87	51	0.34
87	38	0.379
87	1	0.16699999999999998
87	89	0.715
87	75	0.187
87	43	0.575
87	91	0.342
87	20	0.585
87	66	0.502
87	6	0.304
87	32	0.713
87	84	0.7809999999999999
87	25	0.171
87	50	0.927
87	56	0.24
87	92	0.342
87	53	0.252
87	7	0.501
87	61	0.38
87	16	0.165
87	3	0.299
87	67	0.7190000000000001
87	15	0.5760000000000001
87	19	0.703
87	70	0.414
87	48	0.6859999999999999
87	60	0.573
87	41	0.171
87	40	0.183
87	93	0.24
87	62	0.705
87	4	0.374
87	31	0.573
87	81	0.305
87	86	0.6579999999999999
87	57	0.821
87	82	0.66
87	21	0.19
87	11	0.531
87	44	0.821
87	63	0.15
87	28	0.718
87	2	0.365
87	34	0.7490000000000001
87	23	0.24
87	54	0.151
87	49	0.479
87	17	0.332
87	9	0.578
87	52	0.19
87	65	0.366
87	24	0.35100000000000003
87	46	0.304
87	37	0.454
87	30	0.205
87	68	0.504
87	77	0.215
87	8	0.8220000000000001
87	42	0.5760000000000001
87	74	0.189
87	12	0.58
87	33	0.21
87	29	0.504
87	27	0.574
87	13	0.407
87	35	0.574
87	39	0.826
87	76	0.442
87	95	0.936
87	73	0.151
87	85	0.466
87	36	0.92
87	22	0.41
87	18	0.368
87	0	0.375
87	14	0.441
37	62	0.602
37	78	0.244
37	86	0.501
37	57	0.436
37	96	0.527
37	38	0.479
37	44	0.7090000000000001
37	89	0.215
37	28	0.183
37	43	0.163
37	91	0.429
37	34	0.348
37	32	0.406
37	66	0.183
37	20	0.152
37	84	0.557
37	49	0.15
37	92	0.151
37	9	0.229
37	87	0.454
37	8	0.482
37	42	0.339
37	15	0.359
37	48	0.535
37	70	0.223
37	29	0.24
37	95	0.552
37	19	0.35
37	35	0.3
37	39	0.5670000000000001
37	18	0.266
37	85	0.3670000000000001
37	40	0.183
37	41	0.183
37	36	0.516
51	71	0.16699999999999998
51	68	0.8240000000000001
51	86	0.721
51	28	0.579
51	87	0.34
51	69	0.7070000000000001
51	42	0.341
51	39	0.506
51	29	0.6
51	12	0.544
51	35	0.825
51	73	0.66
51	22	0.19
51	78	0.903
51	80	0.245
51	75	0.344
51	20	0.481
51	84	0.5379999999999999
51	32	0.4370000000000001
51	64	0.153
51	3	0.247
51	67	0.6579999999999999
51	40	0.423
51	93	0.19
51	4	0.379
51	57	0.268
51	23	0.159
51	9	0.44
51	52	0.956
51	46	0.281
51	8	0.631
51	95	0.504
51	36	0.326
51	0	0.174
51	96	0.847
51	10	0.166
51	7	0.345
51	70	0.187
51	48	0.6890000000000001
51	62	0.6990000000000001
51	31	0.491
51	81	0.775
51	82	0.711
51	21	0.16699999999999998
51	44	0.364
51	63	0.196
51	34	0.364
51	1	0.187
51	89	0.444
51	43	0.447
51	6	0.325
51	5	0.171
51	72	0.7040000000000001
51	11	0.29
51	79	0.4920000000000001
51	2	0.305
51	17	0.312
51	65	0.166
51	77	0.25
51	13	0.442
51	76	0.71
51	14	0.241
51	18	0.211
51	58	0.355
51	92	0.159
51	50	0.83
51	27	0.361
51	15	0.639
51	49	0.69
51	74	0.813
51	19	0.443
43	96	0.893
43	78	0.502
43	58	0.716
43	51	0.447
43	38	0.303
43	89	0.7040000000000001
43	1	0.228
43	75	0.211
43	91	0.573
43	20	0.443
43	32	0.629
43	84	0.63
43	6	0.214
43	92	0.212
43	50	0.377
43	56	0.28
43	53	0.23
43	7	0.277
43	3	0.263
43	67	0.708
43	15	0.446
43	48	0.479
43	19	0.364
43	85	0.279
43	27	0.422
43	41	0.275
43	40	0.16699999999999998
43	4	0.28
43	93	0.305
43	72	0.19
43	31	0.578
43	62	0.774
43	86	0.63
43	81	0.38
43	82	0.823
43	2	0.181
43	57	0.504
43	11	0.304
43	44	0.502
43	59	0.205
43	28	0.7070000000000001
43	79	0.165
43	34	0.54
43	23	0.198
43	49	0.7390000000000001
43	69	0.204
43	17	0.28
43	52	0.28600000000000003
43	9	0.364
43	65	0.172
43	87	0.575
43	37	0.163
43	46	0.204
43	30	0.188
43	77	0.172
43	68	0.4
43	8	0.723
43	42	0.481
43	12	0.66
43	29	0.345
43	74	0.28
43	33	0.38
43	73	0.196
43	35	0.574
43	13	0.366
43	39	0.635
43	76	0.821
43	95	0.575
43	36	0.481
43	22	0.212
43	18	0.277
43	0	0.173
57	3	0.277
57	67	0.531
57	16	0.188
57	11	0.504
57	89	0.6629999999999999
57	78	0.67
57	58	0.374
57	96	0.715
57	51	0.268
57	26	0.189
57	38	0.509
57	66	0.398
57	15	0.5489999999999999
57	75	0.504
57	43	0.504
57	91	0.449
57	92	0.504
57	6	0.246
57	32	0.893
57	20	0.63
57	84	0.866
57	56	0.35100000000000003
57	53	0.26
57	7	0.408
57	61	0.35100000000000003
57	70	0.192
57	19	0.481
57	48	0.7170000000000001
57	60	0.304
57	41	0.254
57	40	0.375
57	4	0.252
57	93	0.194
57	62	0.58
57	31	0.4
57	81	0.171
57	86	0.578
57	82	0.345
57	44	0.838
57	21	0.26
57	28	0.634
57	79	0.155
57	34	0.916
57	23	0.373
57	87	0.821
57	17	0.331
57	54	0.255
57	49	0.44
57	69	0.229
57	9	0.5489999999999999
57	65	0.308
57	30	0.252
57	37	0.436
57	46	0.247
57	77	0.192
57	68	0.276
57	8	0.7070000000000001
57	42	0.57
57	12	0.448
57	13	0.414
57	35	0.504
57	29	0.505
57	55	0.181
57	33	0.365
57	39	0.825
57	76	0.342
57	95	0.873
57	85	0.475
57	27	0.845
57	22	0.379
57	36	0.821
57	18	0.615
57	14	0.159
42	19	0.63
42	78	0.542
42	43	0.481
42	89	0.441
42	1	0.25
42	75	0.442
42	84	0.921
42	32	0.984
42	6	0.442
42	20	0.83
42	67	0.345
42	56	0.273
42	90	0.211
42	3	0.444
42	61	0.28
42	16	0.185
42	5	0.189
42	60	0.18600000000000005
42	94	0.205
42	40	0.277
42	4	0.4
42	93	0.573
42	57	0.57
42	8	0.736
42	11	0.53
42	2	0.191
42	23	0.304
42	17	0.408
42	9	0.7020000000000001
42	52	0.187
42	65	0.366
42	46	0.491
42	77	0.327
42	7	0.575
42	55	0.204
42	13	0.53
42	33	0.205
42	85	0.7809999999999999
42	76	0.304
42	95	0.8909999999999999
42	36	0.892
42	0	0.261
42	14	0.321
42	18	0.443
42	96	0.9
42	51	0.341
42	38	0.659
42	26	0.28300000000000003
42	10	0.685
42	91	0.439
42	66	0.613
42	92	0.797
42	25	0.157
42	50	0.319
42	53	0.422
42	70	0.307
42	15	0.828
42	48	0.985
42	22	0.4
42	41	0.37
42	31	0.499
42	62	0.8290000000000001
42	86	0.871
42	81	0.617
42	82	0.277
42	21	0.277
42	44	0.7490000000000001
42	63	0.229
42	28	0.531
42	34	0.7190000000000001
42	54	0.304
42	49	0.963
42	87	0.5760000000000001
42	30	0.215
42	24	0.151
42	37	0.339
42	71	0.343
42	68	0.408
42	12	0.282
42	29	0.636
42	35	0.989
42	74	0.241
42	39	0.823
42	73	0.192
42	27	0.525
66	53	0.163
66	7	0.215
66	65	0.202
66	87	0.502
66	61	0.7390000000000001
66	37	0.183
66	46	0.2
66	67	0.21
66	68	0.211
66	42	0.613
66	8	0.508
66	15	0.304
66	70	0.321
66	48	0.515
66	60	0.66
66	29	0.28600000000000003
66	19	0.66
66	13	0.163
66	35	0.34
66	39	0.662
66	95	0.662
66	85	0.359
66	27	0.28
66	40	0.183
66	36	0.449
66	22	0.364
66	18	0.245
66	93	0.153
66	14	0.282
66	64	0.161
66	78	0.443
66	31	0.18600000000000005
66	62	0.605
66	86	0.341
66	57	0.398
66	96	0.51
66	44	0.575
66	38	0.277
66	63	0.586
66	11	0.277
66	89	0.237
66	28	0.183
66	91	0.303
66	20	0.364
66	9	0.304
66	34	0.537
66	32	0.541
66	6	0.165
66	84	0.63
66	23	0.16699999999999998
66	49	0.161
66	92	0.341
83	15	0.163
83	62	0.25
83	86	0.151
83	31	0.596
83	28	0.182
83	96	0.246
83	44	0.16699999999999998
83	89	0.21
83	84	0.234
83	32	0.205
83	8	0.304
83	92	0.16699999999999998
83	77	0.184
83	67	0.165
83	35	0.522
83	39	0.231
20	78	0.589
20	40	0.256
20	89	0.531
20	1	0.948
20	43	0.443
20	75	0.447
20	32	0.8240000000000001
20	6	0.974
20	84	0.917
20	90	0.546
20	56	0.189
20	61	0.27
20	67	0.471
20	3	0.964
20	5	0.322
20	60	0.258
20	93	0.336
20	72	0.188
20	4	0.97
20	57	0.63
20	11	0.338
20	23	0.152
20	79	0.171
20	2	0.955
20	17	0.177
20	9	0.994
20	65	0.34700000000000003
20	52	0.303
20	46	0.742
20	81	0.41
20	77	0.648
20	8	0.826
20	55	0.277
20	13	0.981
20	76	0.325
20	95	0.825
20	85	0.556
20	18	0.971
20	36	0.705
20	14	0.961
20	0	0.942
20	58	0.278
20	47	0.299
20	51	0.481
20	96	0.933
20	38	0.256
20	10	0.943
20	7	0.986
20	91	0.342
20	66	0.364
20	92	0.3720000000000001
20	50	0.6779999999999999
20	53	0.32
20	15	0.948
20	70	0.374
20	48	0.7490000000000001
20	19	0.7879999999999999
20	41	0.15
20	31	0.612
20	62	0.916
20	86	0.994
20	82	0.338
20	21	0.637
20	44	0.846
20	28	0.703
20	54	0.34
20	34	0.826
20	49	0.634
20	69	0.187
20	87	0.585
20	24	0.942
20	37	0.152
20	30	0.161
20	71	0.25
20	68	0.978
20	42	0.83
20	74	0.986
20	12	0.277
20	29	0.179
20	39	0.892
20	35	0.882
20	73	0.242
20	27	0.183
20	22	0.15
10	75	0.157
10	78	0.17
10	96	0.588
10	51	0.166
10	26	0.312
10	1	0.925
10	32	0.214
10	20	0.943
10	6	0.94
10	84	0.54
10	25	0.231
10	50	0.173
10	7	0.944
10	16	0.171
10	3	0.931
10	5	0.206
10	15	0.498
10	48	0.523
10	19	0.215
10	31	0.23
10	62	0.397
10	4	0.939
10	81	0.162
10	86	0.935
10	21	0.21600000000000005
10	44	0.252
10	11	0.417
10	28	0.168
10	2	0.927
10	34	0.165
10	23	0.28800000000000003
10	30	0.33
10	49	0.161
10	9	0.948
10	17	0.316
10	24	0.938
10	77	0.597
10	8	0.294
10	68	0.944
10	42	0.685
10	29	0.458
10	74	0.932
10	13	0.942
10	35	0.282
10	39	0.312
10	22	0.38
10	95	0.234
10	27	0.369
10	36	0.206
10	0	0.928
10	14	0.931
10	18	0.938
79	78	0.539
79	96	0.38
79	51	0.4920000000000001
79	32	0.214
79	89	0.197
79	43	0.165
79	20	0.171
79	84	0.252
79	50	0.3670000000000001
79	67	0.245
79	15	0.195
79	48	0.28800000000000003
79	72	0.8540000000000001
79	62	0.644
79	57	0.155
79	86	0.321
79	31	0.276
79	81	0.171
79	28	0.204
79	44	0.16699999999999998
79	2	0.172
79	34	0.189
79	69	0.408
79	49	0.305
79	9	0.159
79	52	0.375
79	8	0.304
79	77	0.177
79	68	0.16899999999999998
79	12	0.163
79	29	0.151
79	39	0.272
79	35	0.305
79	13	0.181
79	73	0.8540000000000001
79	95	0.304
79	76	0.205
0	44	0.326
0	86	0.93
0	21	0.249
0	28	0.277
0	11	0.496
0	31	0.244
0	62	0.42
0	78	0.16699999999999998
0	10	0.928
0	58	0.153
0	26	0.526
0	51	0.174
0	96	0.539
0	1	0.916
0	75	0.158
0	43	0.173
0	91	0.173
0	84	0.355
0	32	0.261
0	6	0.975
0	25	0.241
0	20	0.942
0	92	0.165
0	53	0.189
0	7	0.911
0	93	0.273
0	4	0.915
0	16	0.181
0	3	0.963
0	15	0.519
0	48	0.255
0	5	0.594
0	94	0.199
0	23	0.304
0	2	0.907
0	34	0.195
0	49	0.398
0	9	0.972
0	17	0.381
0	24	0.921
0	87	0.375
0	30	0.344
0	8	0.355
0	77	0.222
0	68	0.934
0	42	0.261
0	29	0.518
0	74	0.911
0	13	0.959
0	35	0.4920000000000001
0	39	0.303
0	36	0.183
0	95	0.252
0	85	0.252
0	27	0.327
0	18	0.965
0	14	0.917
0	22	0.521
4	42	0.4
4	77	0.385
4	68	0.956
4	8	0.501
4	55	0.16899999999999998
4	29	0.654
4	74	0.908
4	35	0.723
4	39	0.473
4	13	0.922
4	76	0.18600000000000005
4	95	0.38
4	27	0.5670000000000001
4	85	0.192
4	36	0.364
4	18	0.959
4	14	0.931
4	22	0.52
4	0	0.915
4	75	0.205
4	43	0.28
4	91	0.392
4	6	0.975
4	32	0.442
4	20	0.97
4	84	0.508
4	56	0.165
4	50	0.272
4	25	0.377
4	92	0.26
4	53	0.199
4	7	0.912
4	16	0.277
4	3	0.919
4	67	0.252
4	5	0.29100000000000004
4	15	0.718
4	48	0.398
4	19	0.277
4	31	0.353
4	94	0.206
4	40	0.199
4	62	0.727
4	93	0.23
4	81	0.249
4	86	0.935
4	57	0.252
4	82	0.274
4	21	0.364
4	44	0.504
4	11	0.575
4	28	0.7
4	2	0.911
4	34	0.375
4	23	0.443
4	54	0.15
4	49	0.642
4	9	0.971
4	17	0.562
4	52	0.171
4	65	0.16
4	87	0.374
4	24	0.936
4	46	0.19
4	30	0.459
4	78	0.339
4	58	0.206
4	96	0.649
4	1	0.91
4	51	0.379
4	26	0.507
4	38	0.277
4	10	0.939
4	89	0.254
2	78	0.925
2	96	0.7020000000000001
2	58	0.343
2	26	0.487
2	51	0.305
2	1	0.909
2	10	0.927
2	89	0.254
2	75	0.19
2	43	0.181
2	32	0.277
2	6	0.974
2	84	0.321
2	20	0.955
2	25	0.279
2	50	0.913
2	7	0.917
2	81	0.159
2	16	0.236
2	67	0.23
2	3	0.906
2	15	0.493
2	5	0.181
2	48	0.278
2	19	0.3720000000000001
2	4	0.911
2	72	0.25
2	31	0.238
2	62	0.407
2	86	0.909
2	21	0.205
2	44	0.183
2	11	0.345
2	28	0.284
2	87	0.365
2	79	0.172
2	34	0.23
2	23	0.306
2	49	0.248
2	69	0.903
2	17	0.408
2	52	0.204
2	9	0.971
2	24	0.92
2	46	0.161
2	30	0.34700000000000003
2	77	0.217
2	8	0.613
2	68	0.941
2	42	0.191
2	13	0.905
2	12	0.16899999999999998
2	29	0.407
2	35	0.345
2	74	0.976
2	39	0.32299999999999995
2	95	0.32299999999999995
2	73	0.917
2	27	0.379
2	22	0.487
2	0	0.907
2	14	0.922
2	18	0.927
74	77	0.276
74	96	0.491
74	52	0.38
74	78	0.931
74	58	0.722
74	51	0.813
74	26	0.354
74	1	0.909
74	10	0.932
74	89	0.3670000000000001
74	75	0.189
74	43	0.28
74	32	0.304
74	6	0.977
74	20	0.986
74	84	0.368
74	25	0.224
74	50	0.929
74	7	0.977
74	16	0.205
74	3	0.91
74	67	0.365
74	15	0.5720000000000001
74	48	0.304
74	19	0.503
74	5	0.205
74	4	0.908
74	72	0.193
74	93	0.17
74	62	0.442
74	31	0.304
74	86	0.942
74	81	0.267
74	21	0.416
74	44	0.16899999999999998
74	11	0.413
74	28	0.366
74	2	0.976
74	34	0.25
74	23	0.313
74	49	0.244
74	69	0.902
74	17	0.424
74	9	0.974
74	30	0.32299999999999995
74	87	0.189
74	24	0.927
74	46	0.151
74	8	0.441
74	68	0.965
74	42	0.241
74	95	0.419
74	12	0.4
74	29	0.484
74	35	0.339
74	39	0.345
74	13	0.906
74	76	0.151
74	27	0.407
74	73	0.916
74	36	0.16699999999999998
74	22	0.34700000000000003
74	18	0.929
74	14	0.929
74	0	0.911
36	77	0.324
36	8	0.7809999999999999
36	76	0.3670000000000001
36	55	0.235
36	33	0.183
36	13	0.442
36	95	0.92
36	85	0.547
36	18	0.407
36	14	0.3670000000000001
36	0	0.183
36	75	0.304
36	43	0.481
36	78	0.499
36	89	0.574
36	16	0.161
36	6	0.466
36	32	0.7390000000000001
36	84	0.892
36	20	0.705
36	56	0.273
36	90	0.189
36	61	0.478
36	3	0.305
36	67	0.503
36	60	0.248
36	93	0.304
36	40	0.224
36	4	0.364
36	57	0.821
36	11	0.585
36	46	0.398
36	49	0.477
36	23	0.277
36	65	0.325
36	17	0.382
36	9	0.723
36	52	0.18
36	62	0.8370000000000001
36	38	0.442
36	58	0.34700000000000003
36	51	0.326
36	96	0.875
36	26	0.287
36	10	0.206
36	91	0.407
36	66	0.449
36	25	0.205
36	53	0.325
36	50	0.28300000000000003
36	92	0.338
36	7	0.58
36	15	0.66
36	70	0.674
36	19	0.838
36	48	0.82
36	41	0.29
36	86	0.7290000000000001
36	31	0.472
36	81	0.258
36	82	0.364
36	21	0.235
36	44	0.838
36	63	0.165
36	28	0.63
36	54	0.274
36	34	0.727
36	69	0.196
36	37	0.516
36	87	0.92
36	24	0.183
36	68	0.6609999999999999
36	30	0.213
36	71	0.161
36	42	0.892
36	12	0.365
36	29	0.632
36	74	0.16699999999999998
36	39	0.91
36	35	0.777
36	27	0.608
36	73	0.159
36	22	0.414
89	15	0.503
89	83	0.21
89	4	0.254
89	78	0.491
89	84	0.701
89	75	0.181
89	43	0.7040000000000001
89	6	0.205
89	32	0.818
89	20	0.531
89	56	0.15
89	3	0.211
89	16	0.16899999999999998
89	67	0.92
89	60	0.181
89	72	0.165
89	93	0.277
89	46	0.304
89	74	0.3670000000000001
89	70	0.2
89	57	0.6629999999999999
89	11	0.369
89	79	0.197
89	2	0.254
89	23	0.304
89	17	0.341
89	52	0.345
89	9	0.412
89	65	0.343
89	77	0.151
89	8	0.996
89	13	0.365
89	33	0.398
89	76	0.5770000000000001
89	95	0.981
89	14	0.206
89	85	0.237
89	36	0.574
89	18	0.24
89	58	0.8220000000000001
89	26	0.171
89	96	0.826
89	51	0.444
89	38	0.151
89	91	0.187
89	66	0.237
89	92	0.304
89	50	0.345
89	25	0.163
89	53	0.192
89	7	0.407
89	48	0.7509999999999999
89	19	0.63
89	62	0.705
89	41	0.221
89	31	0.7829999999999999
89	86	0.6579999999999999
89	81	0.441
89	82	0.728
89	21	0.206
89	44	0.48
89	28	0.91
89	34	0.989
89	49	0.742
89	24	0.165
89	87	0.715
89	37	0.215
89	30	0.303
89	68	0.69
89	42	0.441
89	29	0.448
89	12	0.923
89	35	0.5379999999999999
89	39	0.8220000000000001
89	73	0.28800000000000003
89	22	0.304
89	27	0.532
8	43	0.723
8	75	0.4
8	6	0.447
8	32	0.8270000000000001
8	20	0.826
8	84	0.955
8	56	0.282
8	61	0.422
8	16	0.28600000000000003
8	3	0.509
8	67	0.895
8	5	0.204
8	60	0.294
8	36	0.7809999999999999
8	0	0.355
8	18	0.5870000000000001
8	14	0.504
8	51	0.631
8	58	0.7340000000000001
8	96	0.968
8	26	0.424
8	38	0.446
8	10	0.294
8	91	0.691
8	66	0.508
8	53	0.369
8	25	0.272
8	50	0.483
8	92	0.441
8	7	0.63
8	27	0.743
8	39	0.967
8	73	0.375
8	22	0.573
8	85	0.701
8	70	0.373
8	78	0.8140000000000001
8	1	0.305
8	89	0.996
8	93	0.424
8	40	0.297
8	72	0.28
8	4	0.501
8	57	0.7070000000000001
8	11	0.6779999999999999
8	79	0.304
8	2	0.613
8	23	0.447
8	17	0.53
8	9	0.737
8	52	0.4320000000000001
8	65	0.47
8	46	0.54
8	77	0.403
8	55	0.214
8	33	0.349
8	13	0.662
8	95	0.995
8	76	0.633
8	83	0.304
8	15	0.916
8	48	0.8240000000000001
8	19	0.8240000000000001
8	41	0.349
8	62	0.951
8	31	0.8809999999999999
8	81	0.6970000000000001
8	86	0.925
8	82	0.718
8	21	0.369
8	44	0.821
8	63	0.224
8	59	0.2
8	28	0.965
8	34	0.995
8	54	0.292
8	49	0.879
8	69	0.215
8	45	0.199
8	87	0.8220000000000001
8	24	0.256
8	37	0.482
8	30	0.409
8	42	0.736
8	71	0.197
8	68	0.63
8	35	0.894
8	12	0.894
8	29	0.73
8	74	0.441
27	78	0.442
27	58	0.16899999999999998
27	38	0.183
27	96	0.723
27	51	0.361
27	26	0.522
27	1	0.412
27	10	0.369
27	89	0.532
27	50	0.264
27	43	0.422
27	75	0.342
27	91	0.39
27	66	0.28
27	6	0.581
27	32	0.94
27	84	0.738
27	20	0.183
27	25	0.448
27	53	0.165
27	92	0.442
27	7	0.7090000000000001
27	16	0.154
27	3	0.498
27	67	0.443
27	70	0.165
27	48	0.589
27	60	0.241
27	19	0.659
27	5	0.236
27	40	0.596
27	93	0.199
27	4	0.5670000000000001
27	31	0.419
27	62	0.804
27	81	0.254
27	86	0.799
27	57	0.845
27	82	0.6729999999999999
27	44	0.7040000000000001
27	21	0.551
27	11	0.184
27	28	0.631
27	42	0.525
27	2	0.379
27	34	0.93
27	49	0.472
27	69	0.15
27	17	0.193
27	9	0.978
27	52	0.16899999999999998
27	87	0.574
27	65	0.265
27	24	0.443
27	46	0.228
27	77	0.472
27	68	0.956
27	71	0.221
27	8	0.743
27	29	0.173
27	33	0.214
27	35	0.789
27	74	0.407
27	13	0.667
27	39	0.918
27	76	0.214
27	95	0.6629999999999999
27	73	0.154
27	85	0.421
27	22	0.7090000000000001
27	36	0.608
27	18	0.535
27	0	0.327
27	14	0.473
53	7	0.234
53	15	0.305
53	3	0.255
53	48	0.942
53	19	0.247
53	41	0.452
53	94	0.272
53	40	0.289
53	4	0.199
53	56	0.25
53	93	0.277
53	78	0.275
53	23	0.162
53	96	0.472
53	26	0.171
53	89	0.192
53	43	0.23
53	66	0.163
53	91	0.263
53	31	0.245
53	20	0.32
53	6	0.25
53	32	0.5329999999999999
53	62	0.535
53	84	0.6779999999999999
53	44	0.501
53	86	0.491
53	81	0.195
53	57	0.26
53	82	0.215
53	11	0.922
53	63	0.156
53	28	0.24
53	34	0.339
53	18	0.206
53	54	0.188
53	49	0.364
53	9	0.331
53	52	0.196
53	65	0.16899999999999998
53	87	0.252
53	24	0.18600000000000005
53	46	0.258
53	8	0.369
53	42	0.422
53	0	0.189
53	12	0.197
53	29	0.926
53	13	0.235
53	35	0.937
53	39	0.943
53	22	0.215
53	76	0.278
53	95	0.393
53	85	0.982
53	36	0.325
53	27	0.165
32	78	0.823
32	1	0.28800000000000003
32	89	0.818
32	43	0.629
32	75	0.4
32	84	0.932
32	6	0.491
32	20	0.8240000000000001
32	90	0.168
32	56	0.625
32	61	0.277
32	16	0.765
32	3	0.448
32	67	0.7140000000000001
32	5	0.243
32	60	0.32299999999999995
32	40	0.477
32	72	0.165
32	93	0.481
32	57	0.893
32	4	0.442
32	11	0.6609999999999999
32	2	0.277
32	79	0.214
32	23	0.6579999999999999
32	17	0.7170000000000001
32	9	0.7170000000000001
32	52	0.254
32	65	0.424
32	46	0.431
32	77	0.37
32	8	0.8270000000000001
32	55	0.238
32	33	0.442
32	13	0.628
32	76	0.364
32	95	0.929
32	85	0.677
32	36	0.7390000000000001
32	18	0.504
32	14	0.384
32	0	0.261
32	58	0.28
32	96	0.925
32	51	0.4370000000000001
32	26	0.491
32	38	0.505
32	10	0.214
32	91	0.579
32	66	0.541
32	50	0.336
32	25	0.248
32	92	0.8220000000000001
32	53	0.5329999999999999
32	7	0.774
32	15	0.898
32	83	0.205
32	70	0.343
32	48	0.8220000000000001
32	19	0.706
32	41	0.34
32	81	0.614
32	62	0.8240000000000001
32	31	0.575
32	86	0.823
32	82	0.407
32	21	0.417
32	44	0.927
32	63	0.505
32	59	0.205
32	28	0.7
32	54	0.28
32	34	0.974
32	49	0.654
32	69	0.215
32	45	0.192
32	87	0.713
32	68	0.491
32	24	0.252
32	37	0.406
32	30	0.45
32	71	0.366
32	42	0.984
32	12	0.343
32	29	0.8290000000000001
32	35	0.78
32	74	0.304
32	39	0.979
32	73	0.205
32	27	0.94
32	22	0.659
9	57	0.5489999999999999
9	60	0.229
9	5	0.321
9	94	0.183
9	40	0.215
9	93	0.361
9	4	0.971
9	78	0.489
9	1	0.914
9	89	0.412
9	75	0.3720000000000001
9	43	0.364
9	23	0.504
9	20	0.994
9	32	0.7170000000000001
9	84	0.918
9	6	0.986
9	90	0.442
9	56	0.25
9	11	0.857
9	79	0.159
9	2	0.971
9	55	0.39
9	33	0.187
9	13	0.977
9	76	0.228
9	95	0.8370000000000001
9	85	0.69
9	26	0.609
9	0	0.972
9	36	0.723
9	14	0.959
9	18	0.965
9	58	0.151
9	51	0.44
9	96	0.833
9	47	0.29
9	25	0.366
9	38	0.325
9	10	0.948
9	66	0.304
9	91	0.407
9	92	0.364
9	50	0.341
9	53	0.331
9	7	0.987
9	86	0.981
9	15	0.893
9	70	0.416
9	48	0.889
9	19	0.5720000000000001
9	41	0.277
9	81	0.343
9	62	0.9
9	31	0.512
9	82	0.28
9	44	0.843
9	21	0.541
9	28	0.653
9	54	0.442
9	34	0.708
9	49	0.581
9	69	0.151
9	87	0.578
9	24	0.941
9	37	0.229
9	30	0.5589999999999999
9	68	0.969
9	71	0.207
9	42	0.7020000000000001
9	12	0.187
9	74	0.974
9	29	0.85
9	39	0.866
9	35	0.835
9	73	0.165
9	27	0.978
9	22	0.7140000000000001
9	67	0.343
9	3	0.968
9	16	0.333
9	61	0.249
9	52	0.238
9	17	0.6940000000000001
9	65	0.329
9	46	0.8009999999999999
9	77	0.5529999999999999
9	8	0.737
86	75	0.578
86	41	0.192
86	62	0.97
86	31	0.65
86	81	0.499
86	82	0.524
86	21	0.441
86	44	0.901
86	63	0.258
86	28	0.82
86	59	0.306
86	34	0.8220000000000001
86	42	0.871
86	12	0.48
86	29	0.8490000000000001
86	74	0.942
86	35	0.985
86	39	0.935
86	73	0.472
86	27	0.799
86	22	0.628
86	43	0.63
86	80	0.277
86	78	0.7170000000000001
86	89	0.6579999999999999
86	1	0.937
86	32	0.823
86	6	0.964
86	84	0.961
86	20	0.994
86	56	0.342
86	90	0.15
86	64	0.28
86	61	0.204
86	67	0.573
86	16	0.407
86	3	0.977
86	5	0.341
86	93	0.775
86	60	0.392
86	94	0.227
86	40	0.396
86	72	0.364
86	4	0.935
86	57	0.578
86	11	0.87
86	79	0.321
86	2	0.909
86	23	0.491
86	17	0.685
86	9	0.981
86	52	0.508
86	65	0.508
86	46	0.579
86	77	0.531
86	8	0.925
86	55	0.239
86	33	0.243
86	13	0.983
86	76	0.4920000000000001
86	95	0.898
86	85	0.424
86	36	0.7290000000000001
86	68	0.982
86	18	0.979
86	14	0.947
86	0	0.93
86	58	0.345
86	38	0.408
86	96	0.984
86	51	0.721
86	26	0.53
86	10	0.935
86	91	0.6970000000000001
86	66	0.341
86	25	0.371
86	92	0.476
86	50	0.7829999999999999
86	53	0.491
86	7	0.97
86	83	0.151
86	15	0.936
86	70	0.431
86	48	0.899
86	19	0.705
86	54	0.321
86	49	0.908
86	69	0.303
86	45	0.183
86	87	0.6579999999999999
86	24	0.933
86	71	0.449
86	30	0.532
86	37	0.501
6	89	0.205
6	10	0.94
6	50	0.2
6	91	0.23
6	75	0.198
6	43	0.214
6	32	0.491
6	20	0.974
6	66	0.165
6	84	0.536
6	25	0.327
6	92	0.204
6	90	0.299
6	56	0.151
6	53	0.25
6	7	0.972
6	16	0.305
6	67	0.19
6	3	0.971
6	31	0.349
6	15	0.6629999999999999
6	70	0.295
6	48	0.728
6	19	0.369
6	5	0.304
6	94	0.151
6	41	0.15
6	62	0.504
6	93	0.19
6	4	0.975
6	81	0.205
6	86	0.964
6	57	0.246
6	44	0.6829999999999999
6	21	0.3720000000000001
6	11	0.654
6	28	0.34700000000000003
6	2	0.974
6	34	0.441
6	23	0.441
6	54	0.446
6	49	0.321
6	17	0.496
6	9	0.986
6	87	0.304
6	24	0.942
6	46	0.483
6	30	0.483
6	68	0.964
6	77	0.407
6	8	0.447
6	42	0.442
6	74	0.977
6	29	0.662
6	55	0.375
6	35	0.448
6	39	0.53
6	13	0.956
6	36	0.466
6	95	0.489
6	85	0.243
6	27	0.581
6	0	0.975
6	22	0.63
6	14	0.948
6	18	0.957
6	1	0.978
6	38	0.165
6	78	0.341
6	26	0.48
6	58	0.279
6	51	0.325
6	96	0.531
31	34	0.574
31	78	0.698
31	1	0.214
31	89	0.7829999999999999
31	75	0.338
31	43	0.578
31	84	0.821
31	6	0.349
31	32	0.575
31	20	0.612
31	61	0.187
31	67	0.71
31	3	0.358
31	5	0.159
31	60	0.151
31	72	0.343
31	93	0.313
31	4	0.353
31	57	0.4
31	2	0.238
31	11	0.453
31	79	0.276
31	82	0.408
31	23	0.277
31	17	0.419
31	9	0.512
31	52	0.341
31	65	0.298
31	86	0.65
31	62	0.895
31	81	0.481
31	69	0.16699999999999998
31	44	0.491
31	21	0.276
31	28	0.8220000000000001
31	59	0.311
31	49	0.579
31	87	0.573
31	30	0.226
31	42	0.499
31	68	0.502
31	12	0.63
31	29	0.515
31	74	0.304
31	39	0.713
31	35	0.77
31	73	0.343
31	27	0.419
31	22	0.392
31	46	0.364
31	77	0.307
31	48	0.74
31	8	0.8809999999999999
31	26	0.345
31	33	0.188
31	13	0.499
31	76	0.504
31	95	0.797
31	85	0.284
31	36	0.472
31	0	0.244
31	14	0.242
31	18	0.342
31	58	0.449
31	51	0.491
31	96	0.823
31	10	0.23
31	91	0.151
31	66	0.18600000000000005
31	92	0.237
31	25	0.19
31	50	0.38
31	53	0.245
31	7	0.442
31	70	0.188
31	15	0.82
31	83	0.596
31	19	0.481
40	62	0.28600000000000003
40	78	0.205
40	3	0.16699999999999998
40	37	0.183
40	86	0.396
40	57	0.375
40	42	0.277
40	8	0.297
40	44	0.659
40	96	0.371
40	51	0.423
40	38	0.342
40	70	0.163
40	15	0.271
40	28	0.309
40	32	0.477
40	48	0.187
40	43	0.16699999999999998
40	66	0.183
40	91	0.7170000000000001
40	29	0.181
40	19	0.161
40	92	0.365
40	34	0.48
40	35	0.242
40	23	0.237
40	13	0.342
40	39	0.446
40	84	0.364
40	20	0.256
40	56	0.162
40	95	0.25
40	41	0.171
40	9	0.215
40	27	0.596
40	53	0.289
40	36	0.224
40	18	0.271
40	22	0.16899999999999998
40	87	0.183
40	4	0.199
38	95	0.531
38	76	0.349
38	19	0.28
38	78	0.408
38	56	0.498
38	96	0.774
38	89	0.151
38	90	0.157
38	43	0.303
38	91	0.825
38	66	0.277
38	84	0.65
38	6	0.165
38	32	0.505
38	20	0.256
38	92	0.365
38	7	0.248
38	3	0.2
38	15	0.305
38	70	0.196
38	48	0.47
38	11	0.206
38	41	0.197
38	40	0.342
38	86	0.408
38	93	0.165
38	4	0.277
38	62	0.491
38	63	0.193
38	57	0.509
38	82	0.189
38	44	0.8240000000000001
38	28	0.341
38	34	0.503
38	37	0.479
38	54	0.345
38	49	0.16899999999999998
38	9	0.325
38	45	0.256
38	87	0.379
38	39	0.58
38	88	0.31
38	46	0.159
38	68	0.206
38	8	0.446
38	42	0.659
38	55	0.31
38	29	0.22
38	33	0.363
38	13	0.337
38	35	0.424
38	36	0.442
38	27	0.183
38	85	0.242
38	22	0.151
38	18	0.491
54	34	0.239
54	32	0.28
54	62	0.28800000000000003
54	57	0.255
54	86	0.321
54	96	0.366
54	47	0.151
54	38	0.345
54	44	0.304
54	11	0.204
54	6	0.446
54	84	0.443
54	49	0.151
54	20	0.34
54	56	0.536
54	90	0.5
54	92	0.185
54	9	0.442
54	53	0.188
54	87	0.151
54	7	0.277
54	46	0.773
54	8	0.292
54	42	0.304
54	15	0.215
54	88	0.151
54	85	0.174
54	13	0.159
54	48	0.34700000000000003
54	55	0.502
54	29	0.2
54	33	0.228
54	35	0.222
54	19	0.161
54	39	0.319
54	95	0.254
54	36	0.274
54	41	0.29
54	18	0.205
54	4	0.15
73	67	0.34
73	72	0.937
73	93	0.215
73	11	0.153
73	2	0.917
73	79	0.8540000000000001
73	9	0.165
73	17	0.383
73	65	0.151
73	52	0.442
73	46	0.407
73	77	0.33
73	8	0.375
73	13	0.27
73	76	0.29
73	95	0.364
73	39	0.304
73	36	0.159
73	74	0.916
73	35	0.305
73	27	0.154
73	78	0.971
73	20	0.242
73	89	0.28800000000000003
73	43	0.196
73	84	0.304
73	32	0.205
73	64	0.192
73	14	0.277
73	58	0.215
73	96	0.442
73	51	0.66
73	91	0.191
73	50	0.938
73	29	0.16699999999999998
73	7	0.163
73	15	0.388
73	34	0.192
73	70	0.231
73	48	0.343
73	19	0.319
73	86	0.472
73	62	0.44
73	31	0.343
73	81	0.93
73	82	0.165
73	44	0.154
73	21	0.21
73	28	0.305
73	59	0.364
73	69	0.921
73	49	0.243
73	87	0.151
73	68	0.633
73	42	0.192
73	12	0.599
55	35	0.161
55	32	0.238
55	62	0.197
55	86	0.239
55	42	0.204
55	46	0.722
55	57	0.181
55	96	0.284
55	8	0.214
55	47	0.185
55	44	0.241
55	38	0.31
55	15	0.171
55	11	0.15
55	29	0.165
55	48	0.305
55	33	0.212
55	4	0.16899999999999998
55	34	0.197
55	39	0.241
55	6	0.375
55	20	0.277
55	84	0.483
55	54	0.502
55	95	0.16899999999999998
55	56	0.461
55	90	0.494
55	36	0.235
55	9	0.39
55	7	0.221
5	78	0.304
5	51	0.171
5	96	0.348
5	26	0.193
5	10	0.206
5	1	0.247
5	20	0.322
5	32	0.243
5	6	0.304
5	84	0.29
5	25	0.18600000000000005
5	3	0.483
5	7	0.343
5	15	0.34700000000000003
5	48	0.304
5	19	0.239
5	31	0.159
5	4	0.29100000000000004
5	62	0.378
5	86	0.341
5	81	0.163
5	11	0.26
5	28	0.16
5	34	0.168
5	2	0.181
5	30	0.18600000000000005
5	23	0.171
5	17	0.242
5	9	0.321
5	24	0.238
5	77	0.174
5	8	0.204
5	68	0.665
5	42	0.189
5	95	0.215
5	29	0.422
5	74	0.205
5	35	0.277
5	39	0.253
5	13	0.47
5	85	0.274
5	27	0.236
5	18	0.277
5	22	0.204
5	14	0.238
5	0	0.594
91	86	0.6970000000000001
91	20	0.342
91	78	0.443
91	96	0.659
91	38	0.825
91	84	0.635
91	89	0.187
91	43	0.573
91	6	0.23
91	32	0.579
91	66	0.303
91	48	0.505
91	56	0.342
91	92	0.374
91	53	0.263
91	7	0.307
91	16	0.161
91	3	0.38
91	67	0.159
91	15	0.426
91	70	0.243
91	19	0.305
91	41	0.335
91	40	0.7170000000000001
91	93	0.237
91	31	0.151
91	4	0.392
91	62	0.536
91	42	0.439
91	63	0.173
91	57	0.449
91	44	0.908
91	11	0.242
91	28	0.443
91	34	0.5760000000000001
91	49	0.25
91	9	0.407
91	17	0.204
91	69	0.212
91	24	0.151
91	65	0.198
91	87	0.342
91	37	0.429
91	46	0.237
91	68	0.198
91	8	0.691
91	85	0.368
91	33	0.364
91	12	0.19
91	29	0.303
91	35	0.6829999999999999
91	13	0.491
91	39	0.6579999999999999
91	73	0.191
91	76	0.206
91	95	0.54
91	36	0.407
91	27	0.39
91	22	0.205
91	18	0.57
91	0	0.173
52	78	0.594
52	89	0.345
52	43	0.28600000000000003
52	75	0.204
52	69	0.28
52	34	0.211
52	49	0.37
52	32	0.254
52	20	0.303
52	84	0.305
52	67	0.424
52	72	0.7120000000000001
52	4	0.171
52	79	0.375
52	2	0.204
52	17	0.151
52	9	0.238
52	8	0.4320000000000001
52	13	0.271
52	76	0.364
52	95	0.341
52	87	0.19
52	71	0.18600000000000005
52	68	0.38
52	42	0.187
52	12	0.343
52	29	0.173
52	74	0.38
52	39	0.319
52	35	0.3720000000000001
52	73	0.442
52	27	0.16899999999999998
52	85	0.19
52	36	0.18
52	58	0.237
52	51	0.956
52	96	0.501
52	86	0.508
52	7	0.16899999999999998
52	50	0.633
52	53	0.196
52	15	0.441
52	48	0.307
52	19	0.25
52	81	0.672
52	62	0.493
52	31	0.341
52	82	0.274
52	28	0.345
56	92	0.16899999999999998
56	90	0.389
56	62	0.614
56	86	0.342
56	57	0.35100000000000003
56	82	0.161
56	96	0.408
56	38	0.498
56	44	0.441
56	89	0.15
56	28	0.193
56	43	0.28
56	49	0.238
56	91	0.342
56	6	0.151
56	34	0.237
56	32	0.625
56	54	0.536
56	84	0.782
56	20	0.189
56	23	0.163
56	9	0.25
56	53	0.25
56	45	0.28600000000000003
56	7	0.206
56	87	0.24
56	46	0.159
56	3	0.159
56	8	0.282
56	42	0.273
56	15	0.24
56	48	0.304
56	19	0.159
56	55	0.461
56	33	0.306
56	35	0.306
56	13	0.215
56	39	0.632
56	95	0.28800000000000003
56	94	0.248
56	85	0.918
56	40	0.162
56	41	0.151
56	36	0.273
56	93	0.192
56	18	0.271
56	4	0.165
44	79	0.16699999999999998
44	23	0.424
44	2	0.183
44	17	0.426
44	9	0.843
44	65	0.312
44	46	0.684
44	77	0.34
44	8	0.821
44	55	0.241
44	66	0.575
44	33	0.408
44	13	0.84
44	95	0.956
44	76	0.32299999999999995
44	85	0.679
44	51	0.364
44	36	0.838
44	14	0.379
44	0	0.326
44	18	0.664
44	58	0.199
44	96	0.996
44	91	0.908
44	26	0.333
44	38	0.8240000000000001
44	10	0.252
44	53	0.501
44	25	0.199
44	50	0.29
44	92	0.774
44	7	0.653
44	70	0.48
44	83	0.16699999999999998
44	15	0.883
44	19	0.6579999999999999
44	48	0.899
44	41	0.523
44	62	0.899
44	81	0.341
44	82	0.373
44	31	0.491
44	86	0.901
44	21	0.305
44	63	0.28600000000000003
44	28	0.826
44	59	0.183
44	34	0.828
44	24	0.304
44	54	0.304
44	49	0.573
44	69	0.18600000000000005
44	87	0.821
44	37	0.7090000000000001
44	30	0.277
44	57	0.838
44	11	0.662
44	71	0.273
44	68	0.693
44	42	0.7490000000000001
44	35	0.898
44	12	0.199
44	29	0.7070000000000001
44	74	0.16899999999999998
44	39	0.951
44	27	0.7040000000000001
44	73	0.154
44	22	0.495
44	4	0.504
44	78	0.97
44	6	0.6829999999999999
44	1	0.303
44	89	0.48
44	32	0.927
44	75	0.625
44	43	0.502
44	84	0.964
44	20	0.846
44	56	0.441
44	61	0.256
44	16	0.215
44	67	0.364
44	3	0.588
44	60	0.251
44	94	0.206
44	40	0.659
44	93	0.442
72	78	0.589
72	51	0.7040000000000001
72	96	0.407
72	89	0.165
72	43	0.19
72	32	0.165
72	84	0.198
72	20	0.188
72	50	0.41
72	67	0.303
72	15	0.408
72	48	0.185
72	81	0.35
72	62	0.6
72	31	0.343
72	86	0.364
72	28	0.171
72	79	0.8540000000000001
72	2	0.25
72	49	0.25
72	69	0.243
72	52	0.7120000000000001
72	68	0.255
72	8	0.28
72	74	0.193
72	12	0.193
72	35	0.319
72	13	0.214
72	39	0.171
72	76	0.237
72	95	0.213
72	73	0.937
41	78	0.188
41	87	0.171
41	9	0.277
41	62	0.277
41	86	0.192
41	37	0.183
41	46	0.192
41	82	0.188
41	57	0.254
41	96	0.443
41	8	0.349
41	28	0.161
41	15	0.161
41	44	0.523
41	38	0.197
41	42	0.37
41	89	0.221
41	6	0.15
41	48	0.927
41	34	0.341
41	43	0.275
41	35	0.252
41	91	0.335
41	32	0.34
41	33	0.307
41	19	0.199
41	84	0.675
41	20	0.15
41	39	0.434
41	54	0.29
41	85	0.444
41	56	0.151
41	76	0.159
41	95	0.935
41	92	0.159
41	7	0.214
41	40	0.171
41	53	0.452
41	36	0.29
18	93	0.267
18	62	0.636
18	78	0.63
18	96	0.8290000000000001
18	51	0.211
18	26	0.527
18	38	0.491
18	1	0.943
18	10	0.938
18	89	0.24
18	80	0.17
18	75	0.205
18	43	0.277
18	91	0.57
18	6	0.957
18	66	0.245
18	32	0.504
18	84	0.773
18	20	0.971
18	25	0.408
18	56	0.271
18	50	0.181
18	92	0.304
18	7	0.961
18	53	0.206
18	16	0.304
18	3	0.97
18	67	0.238
18	70	0.245
18	15	0.6970000000000001
18	5	0.277
18	48	0.524
18	19	0.408
18	94	0.29
18	40	0.271
18	4	0.959
18	95	0.489
18	23	0.442
18	31	0.342
18	86	0.979
18	81	0.238
18	82	0.205
18	57	0.615
18	21	0.422
18	44	0.664
18	11	0.65
18	28	0.453
18	34	0.442
18	2	0.927
18	13	0.979
18	35	0.8340000000000001
18	39	0.5760000000000001
18	76	0.18600000000000005
18	85	0.277
18	36	0.407
18	27	0.535
18	14	0.911
18	22	0.63
18	0	0.965
18	54	0.205
18	49	0.5770000000000001
18	17	0.51
18	69	0.154
18	29	0.6709999999999999
18	12	0.196
18	9	0.965
18	65	0.227
18	87	0.368
18	24	0.948
18	37	0.266
18	46	0.28800000000000003
18	30	0.45
18	77	0.439
18	68	0.955
18	8	0.5870000000000001
18	42	0.443
18	74	0.929
18	33	0.194
7	9	0.987
7	17	0.64
7	93	0.252
7	4	0.912
7	57	0.408
7	11	0.753
7	2	0.917
7	23	0.503
7	52	0.16899999999999998
7	38	0.248
7	65	0.255
7	26	0.5760000000000001
7	51	0.345
7	77	0.462
7	46	0.378
7	8	0.63
7	55	0.221
7	13	0.911
7	0	0.911
7	76	0.228
7	95	0.6579999999999999
7	85	0.936
7	36	0.58
7	96	0.705
7	14	0.955
7	18	0.961
7	58	0.187
7	10	0.944
7	66	0.215
7	91	0.307
7	82	0.215
7	92	0.25
7	25	0.354
7	50	0.304
7	53	0.234
7	15	0.7879999999999999
7	70	0.424
7	48	0.8440000000000001
7	19	0.505
7	41	0.214
7	62	0.8009999999999999
7	81	0.28
7	31	0.442
7	86	0.97
7	27	0.7090000000000001
7	60	0.161
7	78	0.38
7	1	0.977
7	6	0.972
7	43	0.277
7	89	0.407
7	32	0.774
7	75	0.277
7	90	0.165
7	84	0.706
7	20	0.986
7	56	0.206
7	64	0.27
7	16	0.307
7	3	0.91
7	67	0.366
7	5	0.343
7	21	0.442
7	44	0.653
7	28	0.504
7	49	0.417
7	34	0.625
7	54	0.277
7	69	0.153
7	30	0.526
7	24	0.941
7	87	0.501
7	68	0.964
7	42	0.575
7	12	0.2
7	29	0.763
7	74	0.977
7	73	0.163
7	35	0.551
7	39	0.81
7	22	0.659
88	62	0.189
88	38	0.31
88	84	0.233
88	35	0.433
88	54	0.151
19	11	0.483
19	2	0.3720000000000001
19	17	0.407
19	65	0.935
19	18	0.408
19	77	0.327
19	13	0.408
19	14	0.504
19	76	0.345
19	85	0.696
19	58	0.38
19	66	0.66
19	91	0.305
19	50	0.312
19	92	0.254
19	53	0.247
19	68	0.708
19	15	0.795
19	87	0.703
19	24	0.28
19	37	0.35
19	30	0.213
19	71	0.197
19	42	0.63
19	12	0.4970000000000001
19	29	0.513
19	35	0.629
19	39	0.928
19	73	0.319
19	22	0.443
19	78	0.715
19	20	0.7879999999999999
19	84	0.83
19	75	0.305
19	32	0.706
19	56	0.159
19	64	0.924
19	67	0.505
19	3	0.254
19	40	0.161
19	93	0.343
19	4	0.277
19	57	0.481
19	23	0.159
19	9	0.5720000000000001
19	52	0.25
19	8	0.8240000000000001
19	46	0.44
19	95	0.938
19	36	0.838
19	96	0.892
19	51	0.443
19	26	0.297
19	38	0.28
19	10	0.215
19	7	0.505
19	70	0.978
19	48	0.727
19	31	0.481
19	62	0.981
19	81	0.639
19	82	0.275
19	21	0.28600000000000003
19	63	0.238
19	44	0.6579999999999999
19	49	0.441
19	34	0.746
19	54	0.161
19	74	0.503
19	27	0.659
19	6	0.369
19	89	0.63
19	43	0.364
19	61	0.516
19	16	0.215
19	5	0.239
19	60	0.551
19	41	0.199
19	86	0.705
19	59	0.925
19	28	0.629
63	51	0.196
63	96	0.292
63	38	0.193
63	26	0.315
63	91	0.173
63	66	0.586
63	84	0.271
63	32	0.505
63	53	0.156
63	61	0.264
63	70	0.221
63	19	0.238
63	48	0.246
63	60	0.525
63	93	0.175
63	44	0.28600000000000003
63	86	0.258
63	28	0.222
63	11	0.221
63	49	0.21600000000000005
63	87	0.15
63	42	0.229
63	8	0.224
63	39	0.221
63	35	0.212
63	13	0.157
63	95	0.305
63	36	0.165
63	85	0.279
63	14	0.206
70	39	0.504
70	60	0.591
70	40	0.163
70	93	0.206
70	57	0.192
70	11	0.31
70	34	0.343
70	49	0.159
70	87	0.414
70	37	0.223
70	68	0.44
70	42	0.307
70	35	0.305
70	29	0.304
70	27	0.165
70	73	0.231
70	22	0.194
70	82	0.181
70	78	0.277
70	89	0.2
70	75	0.16399999999999998
70	84	0.7120000000000001
70	6	0.295
70	32	0.343
70	20	0.374
70	64	0.93
70	61	0.258
70	67	0.252
70	3	0.181
70	17	0.341
70	9	0.416
70	65	0.92
70	77	0.183
70	46	0.562
70	8	0.373
70	13	0.23
70	15	0.343
70	95	0.47
70	36	0.674
70	14	0.379
70	18	0.245
70	51	0.187
70	96	0.718
70	38	0.196
70	91	0.243
70	66	0.321
70	50	0.16899999999999998
70	92	0.179
70	7	0.424
70	48	0.622
70	19	0.978
70	86	0.431
70	62	0.978
70	31	0.188
70	81	0.15
70	44	0.48
70	59	0.924
70	28	0.277
70	63	0.221
33	78	0.151
33	31	0.188
33	62	0.231
33	86	0.243
33	57	0.365
33	82	0.443
33	26	0.194
33	67	0.206
33	71	0.483
33	96	0.403
33	8	0.349
33	42	0.205
33	44	0.408
33	15	0.276
33	38	0.363
33	89	0.398
33	28	0.285
33	12	0.228
33	48	0.243
33	55	0.212
33	43	0.38
33	91	0.364
33	84	0.325
33	35	0.19
33	32	0.442
33	34	0.38
33	13	0.151
33	23	0.162
33	39	0.6579999999999999
33	54	0.228
33	76	0.304
33	95	0.264
33	92	0.481
33	56	0.306
33	27	0.214
33	9	0.187
33	41	0.307
33	18	0.194
33	36	0.183
33	87	0.21
33	22	0.15
17	24	0.366
17	87	0.332
17	68	0.574
17	71	0.17600000000000002
17	42	0.408
17	12	0.199
17	29	0.187
17	39	0.579
17	74	0.424
17	35	0.503
17	73	0.383
17	22	0.15
17	27	0.193
17	78	0.341
17	89	0.341
17	1	0.44
17	75	0.228
17	43	0.28
17	6	0.496
17	32	0.7170000000000001
17	20	0.177
17	84	0.5539999999999999
17	64	0.38
17	67	0.321
17	3	0.517
17	5	0.242
17	4	0.562
17	93	0.294
17	57	0.331
17	11	0.209
17	2	0.408
17	46	0.34700000000000003
17	9	0.6940000000000001
17	52	0.151
17	65	0.28600000000000003
17	36	0.382
17	77	0.468
17	8	0.53
17	13	0.649
17	76	0.277
17	95	0.493
17	85	0.257
17	0	0.381
17	18	0.51
17	58	0.171
17	96	0.614
17	51	0.312
17	10	0.316
17	91	0.204
17	25	0.184
17	50	0.21
17	92	0.215
17	7	0.64
17	81	0.313
17	15	0.268
17	70	0.341
17	48	0.444
17	19	0.407
17	31	0.419
17	62	0.586
17	86	0.685
17	82	0.225
17	21	0.152
17	44	0.426
17	28	0.406
17	59	0.339
17	34	0.53
17	49	0.399
47	46	0.906
47	48	0.91
47	55	0.185
47	20	0.299
47	54	0.151
47	90	0.212
47	9	0.29
46	89	0.304
46	87	0.304
46	78	0.6579999999999999
46	86	0.579
46	41	0.192
46	62	0.71
46	81	0.586
46	31	0.364
46	82	0.188
46	21	0.159
46	44	0.684
46	59	0.38
46	28	0.369
46	34	0.39
46	45	0.159
46	54	0.773
46	49	0.448
46	80	0.214
46	75	0.183
46	43	0.204
46	68	0.258
46	42	0.491
46	20	0.742
46	84	0.82
46	6	0.483
46	32	0.431
46	90	0.684
46	56	0.159
46	3	0.258
46	67	0.205
46	12	0.312
46	35	0.63
46	29	0.453
46	74	0.151
46	22	0.199
46	39	0.5760000000000001
46	73	0.407
46	27	0.228
46	4	0.19
46	93	0.588
46	57	0.247
46	11	0.639
46	2	0.161
46	17	0.34700000000000003
46	9	0.8009999999999999
46	65	0.28600000000000003
46	77	0.392
46	8	0.54
46	55	0.722
46	13	0.379
46	76	0.191
46	95	0.5760000000000001
46	85	0.329
46	36	0.398
46	14	0.2
46	18	0.28800000000000003
46	58	0.15
46	96	0.7090000000000001
46	51	0.281
46	47	0.906
46	38	0.159
46	91	0.237
46	66	0.2
46	7	0.378
46	50	0.515
46	92	0.189
46	53	0.258
46	70	0.562
46	15	0.495
46	48	0.769
46	19	0.44
92	27	0.442
92	40	0.365
92	8	0.441
92	42	0.797
92	70	0.179
92	15	0.445
92	83	0.16699999999999998
92	41	0.159
92	94	0.185
92	48	0.402
92	29	0.29
92	39	0.789
92	33	0.481
92	19	0.254
92	13	0.364
92	35	0.735
92	95	0.38
92	85	0.214
92	68	0.2
92	31	0.237
92	62	0.504
92	78	0.304
92	86	0.476
92	57	0.504
92	82	0.473
92	36	0.338
92	96	0.7509999999999999
92	51	0.159
92	21	0.15
92	38	0.365
92	44	0.774
92	84	0.531
92	11	0.244
92	1	0.17
92	89	0.304
92	28	0.256
92	43	0.212
92	91	0.374
92	66	0.341
92	6	0.204
92	32	0.8220000000000001
92	34	0.813
92	20	0.3720000000000001
92	54	0.185
92	23	0.407
92	49	0.38
92	56	0.16899999999999998
92	17	0.215
92	7	0.25
92	9	0.364
92	87	0.342
92	71	0.161
92	22	0.321
92	37	0.151
92	30	0.17
92	46	0.189
92	16	0.194
92	3	0.304
92	67	0.272
92	93	0.364
92	0	0.165
92	14	0.23
92	4	0.26
92	18	0.304
24	7	0.941
24	96	0.304
24	26	0.398
24	10	0.938
24	1	0.927
24	89	0.165
24	53	0.18600000000000005
24	32	0.252
24	91	0.151
24	6	0.942
24	84	0.325
24	20	0.942
24	25	0.342
24	27	0.443
24	16	0.246
24	67	0.159
24	3	0.921
24	15	0.408
24	48	0.239
24	5	0.238
24	19	0.28
24	86	0.933
24	4	0.936
24	62	0.277
24	11	0.408
24	21	0.28800000000000003
24	44	0.304
24	28	0.151
24	34	0.239
24	2	0.92
24	23	0.375
24	87	0.35100000000000003
24	17	0.366
24	9	0.941
24	30	0.407
24	77	0.307
24	8	0.256
24	68	0.955
24	42	0.151
24	29	0.44
24	74	0.927
24	13	0.931
24	35	0.183
24	39	0.364
24	95	0.306
24	36	0.183
24	22	0.531
24	14	0.955
24	0	0.921
24	18	0.948
45	62	0.236
45	86	0.183
45	96	0.544
45	38	0.256
45	84	0.534
45	32	0.192
45	56	0.28600000000000003
45	46	0.159
45	8	0.199
45	95	0.16699999999999998
45	48	0.16899999999999998
45	39	0.195
45	35	0.484
45	85	0.901
81	46	0.586
81	78	0.774
81	89	0.441
81	80	0.21
81	75	0.28300000000000003
81	43	0.38
81	84	0.684
81	32	0.614
81	6	0.205
81	20	0.41
81	3	0.25
81	67	0.426
81	5	0.163
81	72	0.35
81	93	0.19
81	4	0.249
81	57	0.171
81	11	0.314
81	79	0.171
81	2	0.159
81	17	0.313
81	9	0.343
81	52	0.672
81	65	0.166
81	87	0.305
81	77	0.24
81	8	0.6970000000000001
81	95	0.441
81	13	0.38
81	76	0.366
81	85	0.208
81	36	0.258
81	18	0.238
81	14	0.213
81	58	0.252
81	96	0.774
81	51	0.775
81	26	0.192
81	10	0.162
81	50	0.71
81	53	0.195
81	7	0.28
81	15	0.584
81	70	0.15
81	48	0.468
81	21	0.151
81	19	0.639
81	31	0.481
81	62	0.542
81	86	0.499
81	82	0.561
81	44	0.341
81	59	0.215
81	28	0.449
81	34	0.306
81	49	0.601
81	69	0.321
81	30	0.162
81	68	0.445
81	71	0.5429999999999999
81	42	0.617
81	12	0.44
81	29	0.322
81	74	0.267
81	35	0.711
81	39	0.441
81	73	0.93
81	27	0.254
81	22	0.181
13	80	0.185
13	43	0.366
13	75	0.363
13	32	0.628
13	6	0.956
13	84	0.705
13	20	0.981
13	56	0.215
13	3	0.983
13	16	0.277
13	67	0.338
13	5	0.47
13	40	0.342
13	94	0.275
13	72	0.214
13	93	0.397
13	4	0.922
13	57	0.414
13	11	0.6990000000000001
13	79	0.181
13	2	0.905
13	23	0.442
13	17	0.649
13	52	0.271
13	9	0.977
13	65	0.206
13	85	0.931
13	46	0.379
13	8	0.662
13	77	0.447
13	33	0.151
13	76	0.304
13	95	0.546
13	36	0.442
13	18	0.979
13	0	0.959
13	14	0.938
13	26	0.42
13	58	0.185
13	96	0.923
13	51	0.442
13	38	0.337
13	10	0.942
13	91	0.491
13	66	0.163
13	25	0.34
13	50	0.614
13	92	0.364
13	53	0.235
13	7	0.911
13	15	0.845
13	70	0.23
13	48	0.531
13	19	0.408
13	62	0.726
13	31	0.499
13	81	0.38
13	89	0.365
13	86	0.983
13	78	0.682
13	1	0.949
13	82	0.3670000000000001
13	44	0.84
13	21	0.41
13	63	0.157
13	28	0.63
13	59	0.173
13	34	0.574
13	54	0.159
13	49	0.613
13	69	0.16699999999999998
13	87	0.407
13	24	0.931
13	30	0.458
13	42	0.53
13	71	0.165
13	68	0.961
13	12	0.206
13	29	0.768
13	74	0.906
13	35	0.907
13	39	0.63
13	73	0.27
13	27	0.667
13	22	0.525
68	81	0.445
68	10	0.944
68	91	0.198
68	66	0.211
68	31	0.502
68	25	0.34700000000000003
68	50	0.629
68	92	0.2
68	7	0.964
68	15	0.7490000000000001
68	70	0.44
68	48	0.484
68	19	0.708
68	62	0.7809999999999999
68	86	0.982
68	51	0.8240000000000001
68	58	0.501
68	96	0.83
68	38	0.206
68	26	0.457
68	82	0.303
68	21	0.378
68	44	0.693
68	28	0.843
68	34	0.433
68	49	0.345
68	69	0.264
68	87	0.504
68	24	0.955
68	30	0.442
68	71	0.515
68	42	0.408
68	12	0.69
68	29	0.7090000000000001
68	74	0.965
68	35	0.7
68	39	0.628
68	22	0.63
68	73	0.633
68	27	0.956
68	78	0.532
68	1	0.941
68	89	0.69
68	75	0.341
68	80	0.163
68	43	0.4
68	32	0.491
68	6	0.964
68	20	0.978
68	84	0.63
68	67	0.7
68	16	0.258
68	3	0.947
68	5	0.665
68	60	0.151
68	72	0.255
68	93	0.16899999999999998
68	57	0.276
68	4	0.956
68	11	0.662
68	79	0.16899999999999998
68	2	0.941
68	23	0.388
68	52	0.38
68	17	0.574
68	9	0.969
68	65	0.211
68	46	0.258
68	18	0.955
68	77	0.708
68	14	0.97
68	0	0.934
68	8	0.63
68	13	0.961
68	76	0.365
68	95	0.774
68	85	0.214
68	36	0.6609999999999999
62	83	0.25
62	74	0.442
62	16	0.321
62	5	0.378
62	60	0.4970000000000001
62	72	0.6
62	2	0.407
62	11	0.848
62	79	0.644
62	17	0.586
62	65	0.946
62	77	0.725
62	13	0.726
62	76	0.515
62	85	0.758
62	14	0.499
62	18	0.636
62	58	0.365
62	66	0.605
62	91	0.536
62	25	0.241
62	92	0.504
62	50	0.777
62	53	0.535
62	34	0.823
62	1	0.35
62	89	0.705
62	43	0.774
62	6	0.504
62	61	0.595
62	15	0.946
62	19	0.981
62	57	0.58
62	23	0.407
62	9	0.9
62	52	0.493
62	46	0.71
62	8	0.951
62	88	0.189
62	55	0.197
62	33	0.231
62	95	0.965
62	36	0.8370000000000001
62	0	0.42
62	96	0.981
62	51	0.6990000000000001
62	26	0.447
62	38	0.491
62	10	0.397
62	7	0.8009999999999999
62	70	0.978
62	48	0.977
62	31	0.895
62	81	0.542
62	82	0.508
62	21	0.399
62	44	0.899
62	27	0.804
62	49	0.915
62	41	0.277
62	86	0.97
62	59	0.935
62	28	0.7959999999999999
62	69	0.337
62	45	0.236
62	87	0.705
62	24	0.277
62	68	0.7809999999999999
62	37	0.602
62	30	0.35600000000000004
62	71	0.7979999999999999
62	42	0.8290000000000001
62	12	0.629
62	29	0.845
62	35	0.983
62	39	0.96
62	73	0.44
62	22	0.51
62	78	0.894
62	75	0.544
62	80	0.5489999999999999
62	84	0.978
62	32	0.8240000000000001
62	20	0.916
62	90	0.209
62	56	0.614
62	64	0.91
62	54	0.28800000000000003
62	3	0.628
62	67	0.63
62	4	0.727
62	94	0.187
62	40	0.28600000000000003
62	93	0.705
65	64	0.925
65	78	0.412
65	89	0.343
65	75	0.177
65	43	0.172
65	84	0.639
65	32	0.424
65	20	0.34700000000000003
65	61	0.181
65	16	0.229
65	67	0.196
65	60	0.376
65	93	0.314
65	4	0.16
65	57	0.308
65	11	0.307
65	23	0.23
65	77	0.162
65	17	0.28600000000000003
65	9	0.329
65	46	0.28600000000000003
65	8	0.47
65	13	0.206
65	95	0.595
65	76	0.173
65	85	0.238
65	36	0.325
65	51	0.166
65	14	0.195
65	18	0.227
65	96	0.638
65	91	0.198
65	66	0.202
65	53	0.16899999999999998
65	7	0.255
65	15	0.35600000000000004
65	86	0.508
65	70	0.92
65	48	0.5489999999999999
65	19	0.935
65	81	0.166
65	62	0.946
65	31	0.298
65	82	0.159
65	59	0.919
65	44	0.312
65	21	0.152
65	28	0.34600000000000003
65	34	0.513
65	49	0.615
65	87	0.366
65	68	0.211
65	42	0.366
65	29	0.344
65	12	0.165
65	39	0.594
65	35	0.696
65	73	0.151
65	27	0.265
65	22	0.161
90	62	0.209
90	86	0.15
90	46	0.684
90	56	0.389
90	29	0.161
90	96	0.277
90	47	0.212
90	42	0.211
90	38	0.157
90	12	0.197
90	48	0.345
90	55	0.494
90	6	0.299
90	32	0.168
90	39	0.179
90	84	0.414
90	20	0.546
90	54	0.5
90	95	0.161
90	85	0.191
90	9	0.442
90	36	0.189
90	7	0.165
84	2	0.321
84	79	0.252
84	66	0.63
84	50	0.509
84	25	0.26
84	92	0.531
84	53	0.6779999999999999
84	7	0.706
84	15	0.931
84	83	0.234
84	70	0.7120000000000001
84	48	0.969
84	19	0.83
84	41	0.675
84	31	0.821
84	62	0.978
84	81	0.684
84	86	0.961
84	82	0.482
84	21	0.443
84	44	0.964
84	63	0.271
84	28	0.87
84	59	0.248
84	13	0.705
84	78	0.908
84	1	0.31
84	89	0.701
84	80	0.195
84	43	0.63
84	75	0.574
84	32	0.932
84	20	0.917
84	6	0.536
84	90	0.414
84	56	0.782
84	64	0.188
84	61	0.462
84	23	0.442
84	16	0.304
84	3	0.585
84	67	0.574
84	17	0.5539999999999999
84	9	0.918
84	52	0.305
84	65	0.639
84	46	0.82
84	77	0.483
84	8	0.955
84	88	0.233
84	55	0.483
84	33	0.325
84	91	0.635
84	95	0.977
84	76	0.4970000000000001
84	85	0.838
84	36	0.892
84	14	0.504
84	0	0.355
84	18	0.773
84	38	0.65
84	58	0.342
84	96	0.981
84	51	0.5379999999999999
84	26	0.723
84	10	0.54
84	34	0.939
84	54	0.443
84	49	0.784
84	69	0.305
84	45	0.534
84	37	0.557
84	87	0.7809999999999999
84	24	0.325
84	30	0.383
84	71	0.48
84	68	0.63
84	42	0.921
84	29	0.8029999999999999
84	12	0.493
84	74	0.368
84	35	0.959
84	39	0.98
84	73	0.304
84	27	0.738
84	22	0.659
84	5	0.29
84	60	0.35
84	94	0.16899999999999998
84	40	0.364
84	72	0.198
84	93	0.63
84	4	0.508
84	57	0.866
84	11	0.747
3	14	0.925
3	0	0.963
3	18	0.97
3	40	0.16699999999999998
3	15	0.851
3	48	0.438
3	70	0.181
3	19	0.254
3	5	0.483
3	94	0.21600000000000005
3	31	0.358
3	86	0.977
3	81	0.25
3	82	0.243
3	57	0.277
3	21	0.34600000000000003
3	44	0.588
3	11	0.695
3	28	0.575
3	23	0.38
3	34	0.429
3	2	0.906
3	67	0.205
3	22	0.441
3	78	0.305
3	96	0.875
3	51	0.247
3	26	0.43
3	38	0.2
3	16	0.21
3	1	0.921
3	10	0.931
3	89	0.211
3	80	0.154
3	75	0.241
3	43	0.263
3	91	0.38
3	32	0.448
3	6	0.971
3	84	0.585
3	20	0.964
3	25	0.188
3	56	0.159
3	50	0.519
3	92	0.304
3	53	0.255
3	7	0.91
3	61	0.162
3	93	0.34
3	4	0.919
3	62	0.628
3	49	0.526
3	17	0.517
3	9	0.968
3	87	0.299
3	24	0.921
3	30	0.321
3	46	0.258
3	77	0.361
3	68	0.947
3	8	0.509
3	42	0.444
3	29	0.779
3	74	0.91
3	35	0.884
3	13	0.983
3	39	0.481
3	36	0.305
3	76	0.151
3	95	0.394
3	85	0.337
3	27	0.498
25	21	0.33
25	96	0.28600000000000003
25	31	0.19
25	62	0.241
25	78	0.151
25	44	0.199
25	86	0.371
25	1	0.214
25	10	0.231
25	89	0.163
25	28	0.194
25	7	0.354
25	32	0.248
25	2	0.279
25	34	0.204
25	6	0.327
25	84	0.26
25	23	0.444
25	30	0.185
25	87	0.171
25	49	0.19
25	9	0.366
25	17	0.184
25	24	0.342
25	15	0.6629999999999999
25	3	0.188
25	16	0.342
25	67	0.15
25	77	0.187
25	68	0.34700000000000003
25	8	0.272
25	42	0.157
25	5	0.18600000000000005
25	74	0.224
25	48	0.151
25	39	0.56
25	13	0.34
25	35	0.196
25	95	0.199
25	27	0.448
25	36	0.205
25	14	0.27
25	0	0.241
25	4	0.377
25	18	0.408
59	84	0.248
59	32	0.205
59	85	0.196
59	64	0.925
59	15	0.212
59	70	0.924
59	48	0.211
59	19	0.925
59	62	0.935
59	31	0.311
59	81	0.215
59	86	0.306
59	44	0.183
59	34	0.196
59	73	0.364
59	49	0.188
59	17	0.339
59	65	0.919
59	46	0.38
59	77	0.304
59	14	0.205
59	8	0.2
59	35	0.21
59	13	0.173
59	39	0.16699999999999998
59	76	0.15
59	95	0.171
59	78	0.189
59	96	0.305
59	43	0.205
64	95	0.193
64	39	0.16899999999999998
64	62	0.91
64	86	0.28
64	59	0.925
64	65	0.925
64	17	0.38
64	77	0.18600000000000005
64	35	0.151
64	73	0.192
64	14	0.299
64	51	0.153
64	96	0.236
64	66	0.161
64	84	0.188
64	61	0.489
64	7	0.27
64	60	0.16899999999999998
64	15	0.15
64	70	0.93
64	48	0.192
64	19	0.924
